ii_cw_best_exchange 4.4042215638761 553.60109 7.0974498717949
ii_cw_best_insert 2.7739515142054 622.65918 7.98281
ii_cw_best_transpose 17.549047663734 1.92926601 0.024734179615385
ii_cw_first_exchange 3.4509963608726 2954.77757 37.881763717949
ii_cw_first_insert 2.6584281251769 1956.65391 25.085306538462
ii_cw_first_transpose 17.561188605784 1.93007776 0.024744586666667
ii_random_best_exchange 3.5884341872336 636.49971 8.1602526923077
ii_random_best_insert 2.2912062196199 699.15021 8.9634642307692
ii_random_best_transpose 34.183520453804 0.159127704 0.0020400987692308
ii_random_first_exchange 2.8348219580937 4029.14031 51.655645
ii_random_first_insert 2.0220145177762 3475.42275 44.556701923077
ii_random_first_transpose 34.299452518199 0.107179425 0.0013740951923077
vnd_tei 2.6595640233508 1970.80062 25.266674615385
vnd_tie 2.6487053958858 1352.99196 17.346050769231
