N-be75eec_150 2851480 3482828 18.127452748169 0.678101
N-be75eec_250 7452407 8893533 16.20420141242 4.3589
N-be75np_150 5987800 7174325 16.538489683698 0.586369
N-be75np_250 14851293 17814072 16.631677473853 5.62433
N-be75oi_150 1896550 2246534 15.578842786265 0.545514
N-be75oi_250 4961370 5910096 16.052632647592 4.76534
N-be75tot_150 10166679 12287707 17.26138163939 0.729076
N-be75tot_250 25623474 30958609 17.233122457149 5.49043
N-stabu1_150 2449423 2875732 14.82436471827 0.769049
N-stabu1_250 6501832 7742444 16.023519188515 4.85897
N-stabu2_150 3680711 4327538 14.946766498642 0.76364
N-stabu2_250 9736506 11500448 15.338028570713 4.59646
N-stabu3_150 3873188 4510445 14.128472911209 0.939232
N-stabu3_250 10043642 11900315 15.601881126676 4.51807
N-t59b11xx_150 2613490 3239550 19.325523606674 0.627863
N-t59b11xx_250 6878185 8411910 18.232779475767 3.98947
N-t59d11xx_150 1191447 1462697 18.544510585583 0.561847
N-t59d11xx_250 3249200 3841167 15.411123754838 3.73801
N-t59f11xx_150 1253683 1543733 18.788870873396 0.513719
N-t59f11xx_250 3340923 3993006 16.33062910499 6.07951
N-t59n11xx_150 258484 318960 18.960371206421 0.672169
N-t59n11xx_250 684154 825608 17.133312661699 4.85981
N-t65b11xx_150 5338240 6453836 17.285781665354 0.55931
N-t65b11xx_250 14308239 17273996 17.168911003569 5.29332
N-t65d11xx_150 2911942 3559347 18.188870037116 0.657813
N-t65d11xx_250 7794085 9351696 16.655919952915 4.7443
N-t65f11xx_150 2574780 3159326 18.502237502556 0.867927
N-t65f11xx_250 6962665 8409567 17.205428055927 4.7272
N-t65l11xx_150 213239 253396 15.847527190642 0.200647
N-t65l11xx_250 545785 666254 18.081542474792 2.17002
N-t65n11xx_150 458042 550733 16.830478652995 0.499822
N-t65n11xx_250 1182180 1429362 17.293169959744 5.20031
N-t69r11xx_150 9501946 11855957 19.855090567552 0.793881
N-t69r11xx_250 25920344 31815927 18.530288304974 5.73214
N-t70b11xx_150 7911257 9647229 17.994514279696 0.699352
N-t70b11xx_250 20798196 25403045 18.127153654217 4.33581
N-t70d11xn_150 4815414 5825147 17.334034660413 0.614147
N-t70d11xn_250 12571317 15207063 17.332380355102 4.13808
N-t70d11xx_150 5149913 6174178 16.589495800089 0.737358
N-t70d11xx_250 13270806 16040574 17.26726238101 4.53201
N-t70f11xx_150 4272587 5150097 17.038708202972 0.531783
N-t70f11xx_250 11414970 13586135 15.980740659503 5.41607
N-t70l11xx_150 339713 436862 22.23791494797 0.396344
N-t70l11xx_250 903244 1113128 18.85533379809 2.36907
N-t70n11xx_150 763714 948913 19.516963093561 0.74814
N-t70n11xx_250 1998516 2444390 18.240706270276 5.64815
N-t74d11xx_150 7863899 9396044 16.306277407811 1.1118
N-t74d11xx_250 20235387 24430250 17.170773938048 3.80163
N-t75d11xx_150 8124893 9642140 15.735583594513 0.856364
N-t75d11xx_250 20710773 25017059 17.21339826556 5.83872
N-t75e11xx_150 33368974 41570193 19.728604579729 0.693112
N-t75e11xx_250 87638509 106873878 17.998195031343 6.36384
N-t75k11xx_150 1240460 1541596 19.534041344165 0.585922
N-t75k11xx_250 3378566 4093849 17.472139299715 5.59304
N-t75n11xx_150 1438839 1743094 17.454881951289 0.505797
N-t75n11xx_250 3723992 4524942 17.700779369106 6.83769
N-tiw56n54_150 688570 837945 17.826348984719 0.711394
N-tiw56n54_250 1761403 2098726 16.072750802153 5.7748
N-tiw56n58_150 951975 1155392 17.605886140808 0.781252
N-tiw56n58_250 2441852 2906657 15.991050887669 4.45816
N-tiw56n62_150 1339832 1626921 17.646154914713 0.441817
N-tiw56n62_250 3499775 4142745 15.520385638025 4.42094
N-tiw56n66_150 1743312 2107619 17.285239884438 0.696887
N-tiw56n66_250 4556563 5370404 15.154185793099 5.88191
N-tiw56n67_150 1873976 2372926 21.026782967526 0.666824
N-tiw56n67_250 5386575 6324858 14.8348468851 6.2087
N-tiw56n72_150 3227778 4135907 21.957191010339 0.596172
N-tiw56n72_250 9501031 11149706 14.786712761754 6.11062
N-tiw56r54_150 790822 958192 17.467271695026 0.636532
N-tiw56r54_250 1997937 2387349 16.31148189896 4.29735
N-tiw56r58_150 1001555 1219295 17.857860484952 0.783115
N-tiw56r58_250 2567504 3060323 16.103496264937 2.99938
N-tiw56r66_150 1603312 1940755 17.387202403188 0.882426
N-tiw56r66_250 4198141 4948414 15.16188823328 5.85408
N-tiw56r67_150 1694110 2056347 17.615558074586 0.686066
N-tiw56r67_250 4430004 5289658 16.251598874634 5.32767
N-tiw56r72_150 2251453 2823758 20.267494594083 0.601197
N-tiw56r72_250 6326699 7451579 15.095860890692 5.66782
