../instances/N-be75eec_150 3356560 3482828 3.6254446099549 1.57683
../instances/N-be75eec_250 8695926 8893533 2.221917881229 13.6001
../instances/N-be75np_150 7033101 7174325 1.9684639321469 1.76101
../instances/N-be75np_250 17327352 17814072 2.7322220321103 15.7606
../instances/N-be75oi_150 2204263 2246534 1.8816096262064 1.51162
../instances/N-be75oi_250 5736945 5910096 2.9297493644773 15.9727
../instances/N-be75tot_150 11916953 12287707 3.017275721174 1.43683
../instances/N-be75tot_250 30068132 30958609 2.8763469314787 13.9073
../instances/N-stabu1_150 2802818 2875732 2.5354935717237 1.97332
../instances/N-stabu1_250 7629809 7742444 1.4547731956473 13.5577
../instances/N-stabu2_150 4206414 4327538 2.798912453224 1.64797
../instances/N-stabu2_250 11247659 11500448 2.1980795878561 15.254
../instances/N-stabu3_150 4390252 4510445 2.6647703275397 1.67716
../instances/N-stabu3_250 11650112 11900315 2.1024905643254 14.2969
../instances/N-t59b11xx_150 3123370 3239550 3.5863005664367 1.54735
../instances/N-t59b11xx_250 8193980 8411910 2.590731474778 14.0587
../instances/N-t59d11xx_150 1407447 1462697 3.7772689764182 1.62182
../instances/N-t59d11xx_250 3740244 3841167 2.6274046403085 14.0751
../instances/N-t59f11xx_150 1485483 1543733 3.7733209045865 1.30656
../instances/N-t59f11xx_250 3918972 3993006 1.8540918796516 15.0456
../instances/N-t59n11xx_150 307109 318960 3.7155129169802 1.6122
../instances/N-t59n11xx_250 809535 825608 1.946807685972 14.9027
../instances/N-t65b11xx_150 6269832 6453836 2.851079575 1.64122
../instances/N-t65b11xx_250 16737768 17273996 3.1042498794141 14.0379
../instances/N-t65d11xx_150 3504706 3559347 1.5351411368434 1.94519
../instances/N-t65d11xx_250 9047678 9351696 3.2509397225915 14.3514
../instances/N-t65f11xx_150 3052449 3159326 3.382905087984 1.71472
../instances/N-t65f11xx_250 8201784 8409567 2.4707930860174 16.0255
../instances/N-t65l11xx_150 246537 253396 2.706830415634 1.50035
../instances/N-t65l11xx_250 650684 666254 2.3369465699268 12.2992
../instances/N-t65n11xx_150 546351 550733 0.79566686579522 1.44634
../instances/N-t65n11xx_250 1405088 1429362 1.6982401938767 16.8833
../instances/N-t69r11xx_150 11500131 11855957 3.0012423290672 1.68907
../instances/N-t69r11xx_250 31053537 31815927 2.3962526692999 14.0771
../instances/N-t70b11xx_150 9343718 9647229 3.146095111871 1.66794
../instances/N-t70b11xx_250 24364104 25403045 4.0898286012563 13.1567
../instances/N-t70d11xn_150 5609506 5825147 3.7018979950206 1.75808
../instances/N-t70d11xn_250 14796537 15207063 2.6995745332284 13.0826
../instances/N-t70d11xx_150 6033419 6174178 2.2798014569713 1.40871
../instances/N-t70d11xx_250 15552529 16040574 3.0425656837467 15.2333
../instances/N-t70f11xx_150 5077381 5150097 1.4119345713294 1.60364
../instances/N-t70f11xx_250 13332008 13586135 1.8704878171754 15.4262
../instances/N-t70l11xx_150 423596 436862 3.0366568847828 1.65989
../instances/N-t70l11xx_250 1081878 1113128 2.8074040002587 12.3799
../instances/N-t70n11xx_150 916546 948913 3.4109554827471 1.63136
../instances/N-t70n11xx_250 2359465 2444390 3.4742819271884 13.4256
../instances/N-t74d11xx_150 9173561 9396044 2.3678369322238 1.52106
../instances/N-t74d11xx_250 23664796 24430250 3.1332221323973 13.2842
../instances/N-t75d11xx_150 9427929 9642140 2.2216126295615 1.49115
../instances/N-t75d11xx_250 24194089 25017059 3.2896352844673 13.7708
../instances/N-t75e11xx_150 39739209 41570193 4.4045597767612 1.50261
../instances/N-t75e11xx_250 103163948 106873878 3.4713159748915 14.2028
../instances/N-t75k11xx_150 1490324 1541596 3.3259038035906 1.90131
../instances/N-t75k11xx_250 3947853 4093849 3.5662282609837 14.5676
../instances/N-t75n11xx_150 1699013 1743094 2.5288940240744 1.51991
../instances/N-t75n11xx_250 4407268 4524942 2.6005637199328 15.6992
../instances/N-tiw56n54_150 818463 837945 2.3249735961191 1.56683
../instances/N-tiw56n54_250 2027458 2098726 3.3957743888435 12.6245
../instances/N-tiw56n58_150 1126437 1155392 2.5060758599679 1.74276
../instances/N-tiw56n58_250 2806644 2906657 3.4408256632964 14.18
../instances/N-tiw56n62_150 1584102 1626921 2.6319040690974 1.48368
../instances/N-tiw56n62_250 4016358 4142745 3.0508032717437 16.0841
../instances/N-tiw56n66_150 2055983 2107619 2.4499684240842 1.34454
../instances/N-tiw56n66_250 5184713 5370404 3.4576728305729 13.983
../instances/N-tiw56n67_150 2336992 2372926 1.5143329374789 1.73332
../instances/N-tiw56n67_250 6154431 6324858 2.6945585181517 14.7386
../instances/N-tiw56n72_150 4049995 4135907 2.0772227228514 1.8527
../instances/N-tiw56n72_250 10841313 11149706 2.7659294334756 14.0737
../instances/N-tiw56r54_150 930345 958192 2.9062025147361 1.34454
../instances/N-tiw56r54_250 2307261 2387349 3.3546833747391 14.3157
../instances/N-tiw56r58_150 1183771 1219295 2.9134868920155 1.6977
../instances/N-tiw56r58_250 2964063 3060323 3.1454196174718 14.0741
../instances/N-tiw56r66_150 1913139 1940755 1.4229513771702 1.59581
../instances/N-tiw56r66_250 4763826 4948414 3.7302456908416 15.2254
../instances/N-tiw56r67_150 1998180 2056347 2.8286568366137 1.58493
../instances/N-tiw56r67_250 5084157 5289658 3.8849581579754 13.6646
../instances/N-tiw56r72_150 2754889 2823758 2.4389129663378 1.59455
../instances/N-tiw56r72_250 7217441 7451579 3.1421259843048 14.5442
