N-be75eec_150 3267050 3482828 6.1954825216749 1.22026
N-be75eec_250 8594018 8893533 3.3677842090427 12.5494
N-be75np_150 6843802 7174325 4.6070257480669 1.33389
N-be75np_250 17032098 17814072 4.3896420762193 13.7589
N-be75oi_150 2176596 2246534 3.113151192014 1.4807
N-be75oi_250 5698320 5910096 3.583292048048 15.0824
N-be75tot_150 11720912 12287707 4.6126995052861 1.40556
N-be75tot_250 29624473 30958609 4.3094184238058 14.679
N-stabu1_150 2757628 2875732 4.106919559959 2.01445
N-stabu1_250 7495057 7742444 3.1952055449158 12.9991
N-stabu2_150 4171657 4327538 3.6020712007613 1.35092
N-stabu2_250 11054245 11500448 3.8798749405241 11.9367
N-stabu3_150 4318893 4510445 4.2468536918198 1.46686
N-stabu3_250 11598382 11900315 2.5371849400625 12.8505
N-t59b11xx_150 3039790 3239550 6.1662885277276 1.28198
N-t59b11xx_250 8170265 8411910 2.8726531786479 12.7254
N-t59d11xx_150 1381614 1462697 5.5433900527587 1.34413
N-t59d11xx_250 3686466 3841167 4.0274479084091 10.9601
N-t59f11xx_150 1450732 1543733 6.0244226171236 1.16619
N-t59f11xx_250 3846558 3993006 3.6676128210175 13.4496
N-t59n11xx_150 302861 318960 5.0473413594181 1.45073
N-t59n11xx_250 795512 825608 3.6453135144039 11.4094
N-t65b11xx_150 6183355 6453836 4.1910113613051 1.41462
N-t65b11xx_250 16589652 17273996 3.9617005816141 14.0579
N-t65d11xx_150 3422073 3559347 3.8567186621591 1.53864
N-t65d11xx_250 8874341 9351696 5.1044751668574 12.6906
N-t65f11xx_150 3004827 3159326 4.8902519081602 1.59125
N-t65f11xx_250 8024400 8409567 4.5801050161084 11.8551
N-t65l11xx_150 243959 253396 3.7242103269191 1.03454
N-t65l11xx_250 647335 666254 2.8396077171769 11.3013
N-t65n11xx_150 531489 550733 3.4942522056968 1.69825
N-t65n11xx_250 1381170 1429362 3.3715741708538 12.8924
N-t69r11xx_150 11277198 11855957 4.8815882176361 1.68097
N-t69r11xx_250 30407153 31815927 4.4278892141034 13.0542
N-t70b11xx_150 9247990 9647229 4.1383800467471 1.68848
N-t70b11xx_250 24061455 25403045 5.281217271394 12.7357
N-t70d11xn_150 5524171 5825147 5.1668395664521 1.44058
N-t70d11xn_250 14489435 15207063 4.7190440389443 11.6063
N-t70d11xx_150 5965418 6174178 3.3811788387053 1.46723
N-t70d11xx_250 15351058 16040574 4.2985743527632 12.1635
N-t70f11xx_150 4919012 5150097 4.4870028661596 1.23738
N-t70f11xx_250 12964358 13586135 4.5765554368479 11.3713
N-t70l11xx_150 412836 436862 5.4996772436147 1.2553
N-t70l11xx_250 1075153 1113128 3.4115573411144 11.5639
N-t70n11xx_150 898192 948913 5.3451686297901 1.7861
N-t70n11xx_250 2333673 2444390 4.5294327010011 11.3741
N-t74d11xx_150 9000146 9396044 4.213454087699 1.31648
N-t74d11xx_250 23369874 24430250 4.3404222224496 13.7053
N-t75d11xx_150 9267473 9642140 3.8857245383286 1.26363
N-t75d11xx_250 23904742 25017059 4.4462340677215 13.0511
N-t75e11xx_150 39042210 41570193 6.0812395073557 1.39723
N-t75e11xx_250 101352164 106873878 5.1665702633154 13.7528
N-t75k11xx_150 1437743 1541596 6.7367196074717 1.17614
N-t75k11xx_250 3915160 4093849 4.3648165821456 12.2942
N-t75n11xx_150 1673416 1743094 3.9973747830008 1.43253
N-t75n11xx_250 4326434 4524942 4.3869733578906 11.6616
N-tiw56n54_150 804611 837945 3.978065386153 1.43175
N-tiw56n54_250 2005761 2098726 4.4295920477471 14.3671
N-tiw56n58_150 1078219 1155392 6.6793780812053 1.50937
N-tiw56n58_250 2763390 2906657 4.9289269425323 12.1845
N-tiw56n62_150 1557871 1626921 4.2442134559699 1.31834
N-tiw56n62_250 3951132 4142745 4.6252665804919 13.0074
N-tiw56n66_150 1993281 2107619 5.4249843069359 1.26363
N-tiw56n66_250 5111331 5370404 4.8240877222645 11.3338
N-tiw56n67_150 2265787 2372926 4.5150586238256 1.52857
N-tiw56n67_250 6070019 6324858 4.0291655559698 12.7376
N-tiw56n72_150 3973591 4135907 3.9245563306912 1.27524
N-tiw56n72_250 10805120 11149706 3.0905388895456 12.7199
N-tiw56r54_150 917936 958192 4.2012456793628 1.42302
N-tiw56r54_250 2283707 2387349 4.3413007482358 15.1009
N-tiw56r58_150 1164591 1219295 4.4865270504677 1.60911
N-tiw56r58_250 2932303 3060323 4.1832185687589 16.145
N-tiw56r66_150 1862550 1940755 4.0296173396436 1.4586
N-tiw56r66_250 4693507 4948414 5.1512868567585 12.5803
N-tiw56r67_150 1974450 2056347 3.9826449524326 1.69686
N-tiw56r67_250 4996352 5289658 5.5448953410599 11.8757
N-tiw56r72_150 2719889 2823758 3.6783959531943 1.39688
N-tiw56r72_250 7100036 7451579 4.7176980878818 12.1707
