N-be75eec_150 2844303 3482828 18.333520920356 0.603813
N-be75eec_250 7429353 8893533 16.463423478611 4.12168
N-be75np_150 5968449 7174325 16.808215407024 0.624278
N-be75np_250 14787328 17814072 16.990747539361 6.23315
N-be75oi_150 1895133 2246534 15.641917727486 0.753847
N-be75oi_250 4951804 5910096 16.214491270531 5.20635
N-be75tot_150 10107142 12287707 17.74590653895 0.817268
N-be75tot_250 25568538 30958609 17.410572290247 7.32323
N-stabu1_150 2437945 2875732 15.223497878105 1.11115
N-stabu1_250 6484890 7742444 16.242338982368 6.78365
N-stabu2_150 3668895 4327538 15.219808584003 1.29646
N-stabu2_250 9707906 11500448 15.586714534947 6.81928
N-stabu3_150 3850833 4510445 14.624100282788 1.00365
N-stabu3_250 10012747 11900315 15.861496103254 6.08353
N-t59b11xx_150 2598795 3239550 19.77913599111 0.58022
N-t59b11xx_250 6849080 8411910 18.57877699595 4.96165
N-t59d11xx_150 1189276 1462697 18.692935037127 0.731976
N-t59d11xx_250 3238287 3841167 15.695230121471 3.69766
N-t59f11xx_150 1249998 1543733 19.027577955514 0.737468
N-t59f11xx_250 3329808 3993006 16.60899082045 4.70112
N-t59n11xx_150 257214 318960 19.358540255831 0.783284
N-t59n11xx_250 682646 825608 17.315965930563 5.06516
N-t65b11xx_150 5319482 6453836 17.576430513574 0.855779
N-t65b11xx_250 14259029 17273996 17.453790078451 7.63181
N-t65d11xx_150 2901705 3559347 18.476478972126 0.8452
N-t65d11xx_250 7772164 9351696 16.890326631661 5.447
N-t65f11xx_150 2566881 3159326 18.752259184396 0.876904
N-t65f11xx_250 6945753 8409567 17.406532345839 6.87123
N-t65l11xx_150 212880 253396 15.989202670918 0.245054
N-t65l11xx_250 544816 666254 18.226982502169 2.07786
N-t65n11xx_150 455644 550733 17.26589835728 0.943589
N-t65n11xx_250 1178609 1429362 17.543001702858 5.72718
N-t69r11xx_150 9461383 11855957 20.197222375216 0.655643
N-t69r11xx_250 25857924 31815927 18.72647935105 5.49811
N-t70b11xx_150 7884234 9647229 18.274625801875 0.735547
N-t70b11xx_250 20730218 25403045 18.394751495342 6.67417
N-t70d11xn_150 4787324 5825147 17.816254250751 1.36293
N-t70d11xn_250 12564083 15207063 17.379950355963 9.67375
N-t70d11xx_150 5129865 6174178 16.91420299188 1.49401
N-t70d11xx_250 13245058 16040574 17.427780327562 6.56072
N-t70f11xx_150 4251782 5150097 17.442681176685 0.814133
N-t70f11xx_250 11392360 13586135 16.147160321902 7.07349
N-t70l11xx_150 339032 436862 22.393799414918 0.437933
N-t70l11xx_250 901120 1113128 19.046147433179 2.7563
N-t70n11xx_150 762613 948913 19.632990590286 0.861682
N-t70n11xx_250 1994278 2444390 18.414082859118 5.95216
N-t74d11xx_150 7814623 9396044 16.830710882154 1.22703
N-t74d11xx_250 20201452 24430250 17.309679598039 6.01525
N-t75d11xx_150 8073039 9642140 16.273368774981 1.03537
N-t75d11xx_250 20636310 25017059 17.511047161859 6.66317
N-t75e11xx_150 33167330 41570193 20.213673292303 1.11425
N-t75e11xx_250 87400038 106873878 18.221328134083 8.42224
N-t75k11xx_150 1235527 1541596 19.854034390333 1.03576
N-t75k11xx_250 3369869 4093849 17.684579963746 6.0891
N-t75n11xx_150 1434358 1743094 17.711953572211 0.978677
N-t75n11xx_250 3709876 4524942 18.012739168811 6.86762
N-tiw56n54_150 686389 837945 18.086628597342 0.814175
N-tiw56n54_250 1758002 2098726 16.234801493859 7.5424
N-tiw56n58_150 945490 1155392 18.167167506786 1.20863
N-tiw56n58_250 2437543 2906657 16.139296793533 8.1292
N-tiw56n62_150 1337214 1626921 17.807072377823 0.750458
N-tiw56n62_250 3493216 4142745 15.678710613374 6.82221
N-tiw56n66_150 1734235 2107619 17.715915447716 0.79769
N-tiw56n66_250 4543805 5370404 15.391747064094 8.0622
N-tiw56n67_150 1863465 2372926 21.469738205068 0.793025
N-tiw56n67_250 5364839 6324858 15.178506774381 6.48624
N-tiw56n72_150 3216775 4135907 22.223226972947 1.11963
N-tiw56n72_250 9472721 11149706 15.040620802019 7.73967
N-tiw56r54_150 789514 958192 17.603778783375 1.02896
N-tiw56r54_250 1990897 2387349 16.6063696594 6.71278
N-tiw56r58_150 995786 1219295 18.33100275159 0.830876
N-tiw56r58_250 2566285 3060323 16.143328661713 7.62005
N-tiw56r66_150 1592024 1940755 17.968831717553 1.10006
N-tiw56r66_250 4187998 4948414 15.366862998933 8.3092
N-tiw56r67_150 1685190 2056347 18.04933700392 0.924201
N-tiw56r67_250 4417753 5289658 16.483201749527 8.12413
N-tiw56r72_150 2234719 2823758 20.860109116999 0.846039
N-tiw56r72_250 6300801 7451579 15.44341138972 6.23432
