N-be75eec_150 2855507 3482828 18.011828318826 0.99578
N-be75eec_250 7473835 8893533 15.963262294074 8.19501
N-be75np_150 6004016 7174325 16.312461451077 0.947127
N-be75np_250 14846835 17814072 16.656702633738 6.76917
N-be75oi_150 1900331 2246534 15.410539079311 0.975227
N-be75oi_250 4980117 5910096 15.7354296783 10.5842
N-be75tot_150 10181273 12287707 17.14261253137 0.896419
N-be75tot_250 25666701 30958609 17.093494090771 7.89079
N-stabu1_150 2447530 2875732 14.890191436476 0.897524
N-stabu1_250 6511624 7742444 15.897047495597 8.21773
N-stabu2_150 3693904 4327538 14.641904935324 1.33513
N-stabu2_250 9740796 11500448 15.300725676078 7.56448
N-stabu3_150 3881442 4510445 13.945475446436 1.14805
N-stabu3_250 10058021 11900315 15.481052392311 7.6352
N-t59b11xx_150 2615885 3239550 19.251593585529 0.86948
N-t59b11xx_250 6876410 8411910 18.253880509896 7.34263
N-t59d11xx_150 1198381 1462697 18.070454783185 1.11442
N-t59d11xx_250 3256267 3841167 15.227143209342 7.84878
N-t59f11xx_150 1256843 1543733 18.58417226295 0.869297
N-t59f11xx_250 3343982 3993006 16.25402015424 8.36059
N-t59n11xx_150 259587 318960 18.614559819413 1.28594
N-t59n11xx_250 685712 825608 16.944603249969 8.1328
N-t65b11xx_150 5369437 6453836 16.802394730824 0.92959
N-t65b11xx_250 14321436 17273996 17.092512930998 8.63459
N-t65d11xx_150 2913755 3559347 18.137933727732 0.713114
N-t65d11xx_250 7830554 9351696 16.265947909342 9.64746
N-t65f11xx_150 2587220 3159326 18.108482632055 1.08328
N-t65f11xx_250 6970082 8409567 17.117230887155 7.91383
N-t65l11xx_150 214311 253396 15.424473945919 0.743304
N-t65l11xx_250 546375 666254 17.992987659361 5.75892
N-t65n11xx_150 457597 550733 16.911280057669 0.99332
N-t65n11xx_250 1183697 1429362 17.187038692787 6.61376
N-t69r11xx_150 9497434 11855957 19.89314738574 0.80327
N-t69r11xx_250 25993086 31815927 18.301654388382 8.42068
N-t70b11xx_150 7924737 9647229 17.854785037237 1.11481
N-t70b11xx_250 20844529 25403045 17.944762133831 8.99837
N-t70d11xn_150 4830363 5825147 17.077405943575 0.927715
N-t70d11xn_250 12598093 15207063 17.156304277821 7.48146
N-t70d11xx_150 5168791 6174178 16.283738499279 1.24185
N-t70d11xx_250 13284180 16040574 17.183886312298 6.61757
N-t70f11xx_150 4288447 5150097 16.730752838248 0.958411
N-t70f11xx_250 11429207 13586135 15.875950003441 8.11163
N-t70l11xx_150 341433 436862 21.844197938937 1.19381
N-t70l11xx_250 904278 1113128 18.762442414529 5.45828
N-t70n11xx_150 765048 948913 19.37638118563 0.952247
N-t70n11xx_250 2002008 2444390 18.09784854299 8.42192
N-t74d11xx_150 7890978 9396044 16.018081652236 1.35003
N-t74d11xx_250 20269269 24430250 17.032085222214 7.04884
N-t75d11xx_150 8129935 9642140 15.683292298183 1.09898
N-t75d11xx_250 20730651 25017059 17.133940484371 7.9889
N-t75e11xx_150 33426617 41570193 19.589940320941 1.08405
N-t75e11xx_250 87657424 106873878 17.980496599927 8.34962
N-t75k11xx_150 1243241 1541596 19.353643885947 1.08352
N-t75k11xx_250 3390740 4093849 17.174766338475 9.14892
N-t75n11xx_150 1444835 1743094 17.11089591267 0.838089
N-t75n11xx_250 3727424 4524942 17.624933093065 9.9865
N-tiw56n54_150 695980 837945 16.942042735502 1.27274
N-tiw56n54_250 1767157 2098726 15.798584474581 9.41813
N-tiw56n58_150 951849 1155392 17.616791530494 1.22554
N-tiw56n58_250 2447814 2906657 15.78593552662 7.35852
N-tiw56n62_150 1346570 1626921 17.231998357634 0.756622
N-tiw56n62_250 3506029 4142745 15.369422930931 7.69971
N-tiw56n66_150 1744728 2107619 17.21805506593 0.880935
N-tiw56n66_250 4565386 5370404 14.989896477062 8.59818
N-tiw56n67_150 1873327 2372926 21.054133167237 0.895919
N-tiw56n67_250 5391497 6324858 14.757026956178 8.35243
N-tiw56n72_150 3235858 4135907 21.761828783868 1.00677
N-tiw56n72_250 9524660 11149706 14.574787891268 10.1726
N-tiw56r54_150 794464 958192 17.087180857281 1.00544
N-tiw56r54_250 1998122 2387349 16.303732717755 8.85683
N-tiw56r58_150 1001740 1219295 17.842687782694 0.948493
N-tiw56r58_250 2581732 3060323 15.638578019379 7.99222
N-tiw56r66_150 1603625 1940755 17.371074659089 1.08347
N-tiw56r66_250 4211694 4948414 14.888002499387 11.0602
N-tiw56r67_150 1698996 2056347 17.377952261948 1.11949
N-tiw56r67_250 4446384 5289658 15.941938023214 10.3054
N-tiw56r72_150 2250646 2823758 20.29607353038 1.00532
N-tiw56r72_250 6340178 7451579 14.914973054704 9.07469
