N-be75eec_150 3366187 3482828 3.3490313044457 4.05005
N-be75eec_250 8635678 8893533 2.8993539462888 41.0286
N-be75np_150 6982835 7174325 2.6691012743359 4.34391
N-be75np_250 17357196 17814072 2.564691553958 51.9544
N-be75oi_150 2183014 2246534 2.8274666664293 4.13165
N-be75oi_250 5717932 5910096 3.2514531066839 37.2681
N-be75tot_150 11847500 12287707 3.5824991595259 4.19758
N-be75tot_250 30071770 30958609 2.8645957575161 46.8278
N-stabu1_150 2792279 2875732 2.9019741756186 3.57314
N-stabu1_250 7588177 7742444 1.9924845436402 45.9219
N-stabu2_150 4234450 4327538 2.1510614118235 4.76873
N-stabu2_250 11276112 11500448 1.9506718346972 40.1212
N-stabu3_150 4349808 4510445 3.5614446024727 4.95254
N-stabu3_250 11749471 11900315 1.267563085515 38.9545
N-t59b11xx_150 3153115 3239550 2.6681174854532 4.07167
N-t59b11xx_250 8222710 8411910 2.2491919195522 41.9072
N-t59d11xx_150 1417525 1462697 3.0882677683758 4.42949
N-t59d11xx_250 3743240 3841167 2.5494075107903 37.6459
N-t59f11xx_150 1489749 1543733 3.4969777804841 3.75143
N-t59f11xx_250 3913379 3993006 1.9941617918931 40.2261
N-t59n11xx_150 312191 318960 2.1222096814648 3.85747
N-t59n11xx_250 810199 825608 1.8663821087005 40.4454
N-t65b11xx_150 6245341 6453836 3.2305593138716 3.57852
N-t65b11xx_250 16850188 17273996 2.4534450511625 52.8224
N-t65d11xx_150 3505642 3559347 1.5088441784406 4.88315
N-t65d11xx_250 9054816 9351696 3.1746113218394 47.8642
N-t65f11xx_150 3105521 3159326 1.7030531195578 4.38285
N-t65f11xx_250 8180419 8409567 2.7248489726047 47.0269
N-t65l11xx_150 244770 253396 3.4041579188306 2.62396
N-t65l11xx_250 653970 666254 1.8437412758498 30.5345
N-t65n11xx_150 543253 550733 1.3581899032744 3.69835
N-t65n11xx_250 1407410 1429362 1.5357900937621 49.3585
N-t69r11xx_150 11442953 11855957 3.4835146584961 4.67807
N-t69r11xx_250 30832808 31815927 3.0900215480127 48.158
N-t70b11xx_150 9356323 9647229 3.0154358313667 4.24094
N-t70b11xx_250 24632748 25403045 3.0323018362562 47.8339
N-t70d11xn_150 5638478 5825147 3.2045371558864 4.65127
N-t70d11xn_250 14839838 15207063 2.4148318449131 51.9948
N-t70d11xx_150 6031790 6174178 2.3061855359531 4.30477
N-t70d11xx_250 15613329 16040574 2.6635268787763 51.2587
N-t70f11xx_150 5055153 5150097 1.8435380925835 3.70795
N-t70f11xx_250 13263000 13586135 2.3784174086302 42.9713
N-t70l11xx_150 419353 436862 4.0079018088092 3.45189
N-t70l11xx_250 1082152 1113128 2.7827886819845 29.4631
N-t70n11xx_150 916261 948913 3.4409898483844 3.52742
N-t70n11xx_250 2371115 2444390 2.9976804028817 50.5615
N-t74d11xx_150 9284623 9396044 1.1858288445648 4.60094
N-t74d11xx_250 23792633 24430250 2.609948731593 57.079
N-t75d11xx_150 9519272 9642140 1.274281435449 4.50015
N-t75d11xx_250 24150873 25017059 3.4623814094215 60.524
N-t75e11xx_150 39428322 41570193 5.1524201487349 4.93038
N-t75e11xx_250 103501234 106873878 3.1557234219572 53.5912
N-t75k11xx_150 1485284 1541596 3.6528377084528 4.75281
N-t75k11xx_250 3981338 4093849 2.7482938427871 45.3635
N-t75n11xx_150 1706128 1743094 2.1207117917909 4.00483
N-t75n11xx_250 4402145 4524942 2.7137806407242 50.5442
N-tiw56n54_150 829166 837945 1.0476821271086 4.41254
N-tiw56n54_250 2028707 2098726 3.3362620942419 48.0416
N-tiw56n58_150 1127447 1155392 2.4186596410569 4.28997
N-tiw56n58_250 2806557 2906657 3.4438187925166 50.6591
N-tiw56n62_150 1580048 1626921 2.8810864202994 4.55654
N-tiw56n62_250 4013033 4142745 3.13106406501 51.0171
N-tiw56n66_150 2056928 2107619 2.4051310981729 4.57135
N-tiw56n66_250 5198761 5370404 3.1960910203404 46.8734
N-tiw56n67_150 2325457 2372926 2.0004416488335 4.13473
N-tiw56n67_250 6156560 6324858 2.6608976833946 41.3902
N-tiw56n72_150 4072370 4135907 1.536228933581 5.15913
N-tiw56n72_250 10930706 11149706 1.9641773514028 41.9558
N-tiw56r54_150 933599 958192 2.5666046053401 4.72021
N-tiw56r54_250 2322910 2387349 2.6991864197484 47.7852
N-tiw56r58_150 1192102 1219295 2.2302232027524 4.89351
N-tiw56r58_250 2971806 3060323 2.8924071086614 44.9667
N-tiw56r66_150 1915584 1940755 1.2969694783731 5.19282
N-tiw56r66_250 4744669 4948414 4.1173798311944 46.4392
N-tiw56r67_150 2004416 2056347 2.5254006254781 4.97782
N-tiw56r67_250 5109551 5289658 3.4048893142052 45.4211
N-tiw56r72_150 2754575 2823758 2.4500328994199 5.77268
N-tiw56r72_250 7182612 7451579 3.6095302753953 43.5265
