N-be75eec_150 2872719 3482828 17.51763222301 0.740393
N-be75eec_250 7471115 8893533 15.99384631507 5.19182
N-be75np_150 6023020 7174325 16.047572419705 0.662994
N-be75np_250 14877636 17814072 16.483799998114 5.86649
N-be75oi_150 1911423 2246534 14.916800725028 0.942172
N-be75oi_250 4974969 5910096 15.822534862378 6.1038
N-be75tot_150 10210501 12287707 16.904748786735 0.903224
N-be75tot_250 25666730 30958609 17.093400417312 4.22571
N-stabu1_150 2447971 2875732 14.874856210523 0.645826
N-stabu1_250 6508551 7742444 15.936737805272 3.97327
N-stabu2_150 3694667 4327538 14.624273663224 0.837949
N-stabu2_250 9769148 11500448 15.054196149576 6.43139
N-stabu3_150 3895993 4510445 13.622868696991 0.782268
N-stabu3_250 10076714 11900315 15.323972516694 5.26594
N-t59b11xx_150 2628500 3239550 18.862187649519 0.646846
N-t59b11xx_250 6878695 8411910 18.226716643426 4.31129
N-t59d11xx_150 1198953 1462697 18.031348939664 0.793598
N-t59d11xx_250 3265138 3841167 14.996197770105 4.10041
N-t59f11xx_150 1257318 1543733 18.553402693341 0.468526
N-t59f11xx_250 3346176 3993006 16.199074081031 5.70186
N-t59n11xx_150 259405 318960 18.671620265864 0.800093
N-t59n11xx_250 686651 825608 16.830868886929 4.09478
N-t65b11xx_150 5366903 6453836 16.841658201417 0.657162
N-t65b11xx_250 14389553 17273996 16.698180316818 7.36131
N-t65d11xx_150 2922590 3559347 17.889714040244 0.675205
N-t65d11xx_250 7813428 9351696 16.44908046626 5.17718
N-t65f11xx_150 2597064 3159326 17.796897186299 0.88251
N-t65f11xx_250 6967881 8409567 17.143403459417 5.53306
N-t65l11xx_150 214649 253396 15.29108588928 0.372984
N-t65l11xx_250 546592 666254 17.960417498432 3.45919
N-t65n11xx_150 457895 550733 16.857170352966 0.607442
N-t65n11xx_250 1184243 1429362 17.148839832037 5.25745
N-t69r11xx_150 9527623 11855957 19.638515895427 0.684203
N-t69r11xx_250 25981799 31815927 18.337130330982 7.09559
N-t70b11xx_150 7964227 9647229 17.445444697125 0.753414
N-t70b11xx_250 20875522 25403045 17.822757074988 4.77754
N-t70d11xn_150 4836213 5825147 16.976979293398 0.547029
N-t70d11xn_250 12660455 15207063 16.746218517014 5.22357
N-t70d11xx_150 5181848 6174178 16.072260955224 0.78541
N-t70d11xx_250 13298252 16040574 17.096158778358 5.17013
N-t70f11xx_150 4299648 5150097 16.51326178905 0.526198
N-t70f11xx_250 11442726 13586135 15.776444146919 4.85697
N-t70l11xx_150 340985 436862 21.946747485476 0.687119
N-t70l11xx_250 904101 1113128 18.778343550787 3.19058
N-t70n11xx_150 766925 948913 19.17857590738 0.629351
N-t70n11xx_250 2008974 2444390 17.812869468456 4.97567
N-t74d11xx_150 7900955 9396044 15.911898667141 1.1748
N-t74d11xx_250 20287977 24430250 16.955508027957 3.31439
N-t75d11xx_150 8143653 9642140 15.541020976671 0.666017
N-t75d11xx_250 20748567 25017059 17.062325351673 4.96909
N-t75e11xx_150 33398556 41570193 19.657443014518 0.548555
N-t75e11xx_250 87686789 106873878 17.953020288082 4.73019
N-t75k11xx_150 1246544 1541596 19.139385416153 0.725491
N-t75k11xx_250 3394163 4093849 17.091153093336 5.73838
N-t75n11xx_150 1440818 1743094 17.341348200384 0.499796
N-t75n11xx_250 3743969 4524942 17.259293047292 8.04917
N-tiw56n54_150 692687 837945 17.335027955295 0.650989
N-tiw56n54_250 1767718 2098726 15.771853972362 5.76149
N-tiw56n58_150 951784 1155392 17.62241732676 0.610252
N-tiw56n58_250 2449941 2906657 15.712758677752 5.86105
N-tiw56n62_150 1346637 1626921 17.227880149067 0.569113
N-tiw56n62_250 3507604 4142745 15.331404660436 4.82619
N-tiw56n66_150 1750008 2107619 16.967535403695 0.778555
N-tiw56n66_250 4571794 5370404 14.870575844946 6.72106
N-tiw56n67_150 1883856 2372926 20.610419372538 0.6923
N-tiw56n67_250 5393070 6324858 14.732156832612 4.16042
N-tiw56n72_150 3260434 4135907 21.167618130678 0.629276
N-tiw56n72_250 9527276 11149706 14.551325389208 5.96091
N-tiw56r54_150 793504 958192 17.187369545978 0.516271
N-tiw56r54_250 2002605 2387349 16.115951207804 6.20731
N-tiw56r58_150 1001743 1219295 17.842441738874 0.499872
N-tiw56r58_250 2576150 3060323 15.8209770668 4.16841
N-tiw56r66_150 1614625 1940755 16.804284930349 0.810555
N-tiw56r66_250 4204811 4948414 15.02709757106 5.75705
N-tiw56r67_150 1698675 2056347 17.393562467813 0.591481
N-tiw56r67_250 4445580 5289658 15.957137493577 6.70545
N-tiw56r72_150 2260416 2823758 19.950080708049 0.771704
N-tiw56r72_250 6349674 7451579 14.787536977062 6.12011
