../instances/N-be75eec_150 2845749 3482828 18.292002935545 0.00900231
../instances/N-be75eec_250 7427693 8893533 16.482088726719 0.0396533
../instances/N-be75np_150 5968744 7174325 16.804103521934 0.0093226
../instances/N-be75np_250 14786612 17814072 16.994766833771 0.0395747
../instances/N-be75oi_150 1894989 2246534 15.648327601541 0.00931042
../instances/N-be75oi_250 4951371 5910096 16.221817716667 0.0399184
../instances/N-be75tot_150 10105685 12287707 17.757763918036 0.00903718
../instances/N-be75tot_250 25566285 30958609 17.417849748999 0.0395561
../instances/N-stabu1_150 2438595 2875732 15.200894937359 0.00939685
../instances/N-stabu1_250 6483521 7742444 16.260020737638 0.039942
../instances/N-stabu2_150 3670216 4327538 15.189283144365 0.00913341
../instances/N-stabu2_250 9707509 11500448 15.59016657438 0.0405317
../instances/N-stabu3_150 3849472 4510445 14.654274689083 0.00899694
../instances/N-stabu3_250 10013919 11900315 15.851647624454 0.039414
../instances/N-t59b11xx_150 2597855 3239550 19.808152366841 0.00894659
../instances/N-t59b11xx_250 6849055 8411910 18.579074193614 0.0397221
../instances/N-t59d11xx_150 1188835 1462697 18.723084822079 0.00896839
../instances/N-t59d11xx_250 3239475 3841167 15.664302020714 0.0418399
../instances/N-t59f11xx_150 1250251 1543733 19.01118911107 0.0107288
../instances/N-t59f11xx_250 3330288 3993006 16.596969801698 0.041389
../instances/N-t59n11xx_150 257064 318960 19.405568096313 0.00897483
../instances/N-t59n11xx_250 682458 825608 17.338737027742 0.040368
../instances/N-t65b11xx_150 5328910 6453836 17.430346851082 0.0090231
../instances/N-t65b11xx_250 14251259 17273996 17.498770985011 0.0396924
../instances/N-t65d11xx_150 2900442 3559347 18.511963008945 0.00900962
../instances/N-t65d11xx_250 7770984 9351696 16.902944663727 0.0394485
../instances/N-t65f11xx_150 2566044 3159326 18.778752176888 0.00902287
../instances/N-t65f11xx_250 6943889 8409567 17.428697577414 0.0407687
../instances/N-t65l11xx_150 212880 253396 15.989202670918 0.00895487
../instances/N-t65l11xx_250 544816 666254 18.226982502169 0.039644
../instances/N-t65n11xx_150 455697 550733 17.256274819196 0.00900619
../instances/N-t65n11xx_250 1178293 1429362 17.56510946842 0.0394931
../instances/N-t69r11xx_150 9464230 11855957 20.173209130229 0.0237741
../instances/N-t69r11xx_250 25858121 31815927 18.725860164313 0.0395262
../instances/N-t70b11xx_150 7884450 9647229 18.272386816981 0.00932778
../instances/N-t70b11xx_250 20728430 25403045 18.401790021629 0.0402983
../instances/N-t70d11xn_150 4784575 5825147 17.86344619286 0.0093641
../instances/N-t70d11xn_250 12561572 15207063 17.396462420127 0.0398253
../instances/N-t70d11xx_150 5115270 6174178 17.150590734507 0.00901235
../instances/N-t70d11xx_250 13243548 16040574 17.437193955777 0.0394483
../instances/N-t70f11xx_150 4253068 5150097 17.417710773215 0.00897658
../instances/N-t70f11xx_250 11390753 13586135 16.158988557084 0.0395229
../instances/N-t70l11xx_150 338893 436862 22.425617242974 0.00894912
../instances/N-t70l11xx_250 901115 1113128 19.046596617819 0.0398984
../instances/N-t70n11xx_150 762263 948913 19.669874898963 0.00902392
../instances/N-t70n11xx_250 1993336 2444390 18.452620081084 0.039695
../instances/N-t74d11xx_150 7812299 9396044 16.855444695661 0.00900227
../instances/N-t74d11xx_250 20195487 24430250 17.334096048956 0.0394435
../instances/N-t75d11xx_150 8073883 9642140 16.264615531407 0.00902284
../instances/N-t75d11xx_250 20628855 25017059 17.540846827759 0.0394847
../instances/N-t75e11xx_150 33133954 41570193 20.293961589257 0.00901872
../instances/N-t75e11xx_250 87355521 106873878 18.262981904708 0.0396718
../instances/N-t75k11xx_150 1234574 1541596 19.915853440201 0.00910984
../instances/N-t75k11xx_250 3367420 4093849 17.744401417834 0.0411414
../instances/N-t75n11xx_150 1433923 1743094 17.736909197094 0.0106218
../instances/N-t75n11xx_250 3709337 4524942 18.024650923702 0.0406702
../instances/N-tiw56n54_150 686475 837945 18.07636539391 0.00898836
../instances/N-tiw56n54_250 1758079 2098726 16.231132601397 0.0404
../instances/N-tiw56n58_150 944957 1155392 18.213299036171 0.00910636
../instances/N-tiw56n58_250 2437632 2906657 16.136234856744 0.0399473
../instances/N-tiw56n62_150 1337100 1626921 17.814079478967 0.00916511
../instances/N-tiw56n62_250 3491999 4142745 15.708087270638 0.0396948
../instances/N-tiw56n66_150 1734634 2107619 17.696984132331 0.00938877
../instances/N-tiw56n66_250 4543791 5370404 15.392007752117 0.0397245
../instances/N-tiw56n67_150 1863002 2372926 21.489249980825 0.00900799
../instances/N-tiw56n67_250 5364195 6324858 15.188688821156 0.040109
../instances/N-tiw56n72_150 3215340 4135907 22.25792311094 0.00903392
../instances/N-tiw56n72_250 9469362 11149706 15.070747156921 0.0397828
../instances/N-tiw56r54_150 790058 958192 17.547005193114 0.00902029
../instances/N-tiw56r54_250 1990351 2387349 16.629240215821 0.0396643
../instances/N-tiw56r58_150 995316 1219295 18.369549616787 0.0090175
../instances/N-tiw56r58_250 2566230 3060323 16.14512585763 0.0397735
../instances/N-tiw56r66_150 1591953 1940755 17.972490087621 0.00907804
../instances/N-tiw56r66_250 4187288 4948414 15.381211030443 0.0401581
../instances/N-tiw56r67_150 1686365 2056347 17.992196842264 0.00901915
../instances/N-tiw56r67_250 4415807 5289658 16.519990517345 0.0398135
../instances/N-tiw56r72_150 2235354 2823758 20.837621354238 0.00904028
../instances/N-tiw56r72_250 6299845 7451579 15.456240885321 0.0395239
