N-be75eec_150 3405480 3482828 2.2208389274463 7.01732
N-be75eec_250 8678554 8893533 2.4172508270898 77.5335
N-be75np_150 7063828 7174325 1.5401727688668 5.74845
N-be75np_250 17524042 17814072 1.6280949128307 86.4672
N-be75oi_150 2192252 2246534 2.4162554406032 6.46674
N-be75oi_250 5801058 5910096 1.8449446506453 64.8645
N-be75tot_150 12015566 12287707 2.2147419367991 8.05379
N-be75tot_250 30398499 30958609 1.8092221133062 96.0655
N-stabu1_150 2821408 2875732 1.889049466362 8.68353
N-stabu1_250 7634334 7742444 1.3963291177824 95.0478
N-stabu2_150 4255841 4327538 1.6567618816981 8.71952
N-stabu2_250 11269130 11500448 2.0113825130986 87.0277
N-stabu3_150 4439781 4510445 1.566674685092 8.99753
N-stabu3_250 11676485 11900315 1.8808745818913 90.8797
N-t59b11xx_150 3172585 3239550 2.0671080859996 5.65112
N-t59b11xx_250 8251435 8411910 1.9077118038591 74.7826
N-t59d11xx_150 1446379 1462697 1.1156104100849 6.13961
N-t59d11xx_250 3765937 3841167 1.9585193770539 70.0851
N-t59f11xx_150 1519099 1543733 1.5957422689027 6.73319
N-t59f11xx_250 3876649 3993006 2.9140201642572 58.5396
N-t59n11xx_150 313063 318960 1.8488211687986 5.4866
N-t59n11xx_250 804873 825608 2.5114824468755 66.9222
N-t65b11xx_150 6346162 6453836 1.6683721123375 7.5818
N-t65b11xx_250 16817725 17273996 2.6413749314287 99.4005
N-t65d11xx_150 3483913 3559347 2.1193213249509 6.79563
N-t65d11xx_250 9218197 9351696 1.4275378498189 76.3519
N-t65f11xx_150 3100666 3159326 1.8567251369438 6.63205
N-t65f11xx_250 8222659 8409567 2.2225638965716 84.8948
N-t65l11xx_150 248710 253396 1.8492793887828 4.03223
N-t65l11xx_250 654104 666254 1.8236288262434 45.7511
N-t65n11xx_150 540046 550733 1.9405047454937 8.19442
N-t65n11xx_250 1399086 1429362 2.1181478169981 68.3976
N-t69r11xx_150 11593666 11855957 2.2123140291416 6.41443
N-t69r11xx_250 31175463 31815927 2.0130295119171 91.6672
N-t70b11xx_150 9466762 9647229 1.8706615132698 6.67454
N-t70b11xx_250 24748395 25403045 2.5770532627093 80.1298
N-t70d11xn_150 5650314 5825147 3.0013491505021 8.83725
N-t70d11xn_250 14956647 15207063 1.6467085064355 80.1306
N-t70d11xx_150 6012875 6174178 2.6125421068197 8.33203
N-t70d11xx_250 15706612 16040574 2.0819828517359 76.6393
N-t70f11xx_150 5021850 5150097 2.4901861071743 7.15668
N-t70f11xx_250 13288622 13586135 2.1898280857654 81.6251
N-t70l11xx_150 425643 436862 2.5680878629865 4.40404
N-t70l11xx_250 1083282 1113128 2.6812729533351 46.5266
N-t70n11xx_150 917321 948913 3.3292830849614 7.15577
N-t70n11xx_250 2393012 2444390 2.1018740871956 83.9986
N-t74d11xx_150 9258498 9396044 1.4638713909811 10.1054
N-t74d11xx_250 23896034 24430250 2.1866988671831 93.4933
N-t75d11xx_150 9480070 9642140 1.6808509314322 7.60403
N-t75d11xx_250 24651064 25017059 1.4629817197937 92.8035
N-t75e11xx_150 40707889 41570193 2.0743324429598 8.13399
N-t75e11xx_250 103960352 106873878 2.7261348184633 86.3693
N-t75k11xx_150 1523287 1541596 1.187665250818 7.76669
N-t75k11xx_250 4025946 4093849 1.6586591249457 79.2221
N-t75n11xx_150 1695357 1743094 2.7386360115978 7.17021
N-t75n11xx_250 4416804 4524942 2.3898206872044 78.4224
N-tiw56n54_150 827454 837945 1.2519914791544 8.26146
N-tiw56n54_250 2063139 2098726 1.6956477405817 92.3582
N-tiw56n58_150 1128126 1155392 2.3598917077494 7.07846
N-tiw56n58_250 2860983 2906657 1.5713584368572 76.8741
N-tiw56n62_150 1582112 1626921 2.7542210101167 7.34873
N-tiw56n62_250 4085717 4142745 1.3765751935009 99.1284
N-tiw56n66_150 2072681 2107619 1.6576999922662 6.81343
N-tiw56n66_250 5262200 5370404 2.0148204865034 93.5419
N-tiw56n67_150 2343792 2372926 1.2277669004427 7.41373
N-tiw56n67_250 6212584 6324858 1.7751228565131 79.8048
N-tiw56n72_150 4030993 4135907 2.5366624539672 7.63155
N-tiw56n72_250 10993515 11149706 1.4008530807898 84.1481
N-tiw56r54_150 939121 958192 1.9903109188973 6.69093
N-tiw56r54_250 2350731 2387349 1.5338352289506 90.5352
N-tiw56r58_150 1191635 1219295 2.2685240241287 6.89496
N-tiw56r58_250 3007306 3060323 1.7323988350249 87.9232
N-tiw56r66_150 1892912 1940755 2.4651746356444 6.36405
N-tiw56r66_250 4859152 4948414 1.8038506883216 96.0968
N-tiw56r67_150 1995982 2056347 2.9355454113532 7.62931
N-tiw56r67_250 5182337 5289658 2.0288835308445 90.0017
N-tiw56r72_150 2769735 2823758 1.9131596971129 8.08175
N-tiw56r72_250 7272894 7451579 2.3979481395822 90.0743
