N-be75eec_150 2176827 3482828 37.498291618191 1.18605
N-be75eec_250 5683848 8893533 36.090100525854 9.82387
N-be75np_150 4617472 7174325 35.638934673297 1.03244
N-be75np_250 11980017 17814072 32.749699226544 11.1664
N-be75oi_150 1185213 2246534 47.242596818032 1.85035
N-be75oi_250 3931326 5910096 33.481182031561 9.15803
N-be75tot_150 8282940 12287707 32.591654407124 1.2011
N-be75tot_250 20588166 30958609 33.497767939122 12.8952
N-stabu1_150 1927078 2875732 32.988261771264 1.76386
N-stabu1_250 5428468 7742444 29.886893595872 11.076
N-stabu2_150 2957672 4327538 31.654626718471 1.57467
N-stabu2_250 7656597 11500448 33.423489241463 12.0134
N-stabu3_150 3003962 4510445 33.399875178613 1.75002
N-stabu3_250 8125803 11900315 31.71774864783 13.4945
N-t59b11xx_150 2173235 3239550 32.915528391289 1.84749
N-t59b11xx_250 5792565 8411910 31.138528586254 10.9289
N-t59d11xx_150 1028219 1462697 29.703896295678 1.32857
N-t59d11xx_250 2679884 3841167 30.232556928663 11.9505
N-t59f11xx_150 1032252 1543733 33.132737332168 1.21081
N-t59f11xx_250 2812087 3993006 29.574686339064 11.9265
N-t59n11xx_150 219293 318960 31.247491848508 1.5451
N-t59n11xx_250 565534 825608 31.500905998973 11.0776
N-t65b11xx_150 4338948 6453836 32.769472295237 1.38316
N-t65b11xx_250 11260924 17273996 34.809965221712 14.0415
N-t65d11xx_150 2414514 3559347 32.164130105887 1.37049
N-t65d11xx_250 6651904 9351696 28.869544091254 10.7089
N-t65f11xx_150 2219256 3159326 29.755397195478 1.45165
N-t65f11xx_250 5826436 8409567 30.716575538312 12.466
N-t65l11xx_150 153382 253396 39.469447031524 1.01479
N-t65l11xx_250 430275 666254 35.418774221243 9.97738
N-t65n11xx_150 380491 550733 30.911893785192 1.27967
N-t65n11xx_250 994968 1429362 30.390761752446 10.3569
N-t69r11xx_150 8075453 11855957 31.886957754654 1.62332
N-t69r11xx_250 21240729 31815927 33.238692055083 10.9925
N-t70b11xx_150 6740040 9647229 30.13496414359 1.77823
N-t70b11xx_250 17371877 25403045 31.614981589805 10.2001
N-t70d11xn_150 3944922 5825147 32.277726210171 1.22153
N-t70d11xn_250 10774215 15207063 29.149928556224 9.57855
N-t70d11xx_150 4229913 6174178 31.490264776947 1.44219
N-t70d11xx_250 11328693 16040574 29.374765516496 9.64325
N-t70f11xx_150 3559791 5150097 30.879146548114 1.23582
N-t70f11xx_250 9574700 13586135 29.525946856851 9.70129
N-t70l11xx_150 264357 436862 39.487298048354 1.38917
N-t70l11xx_250 732966 1113128 34.152586225484 9.61095
N-t70n11xx_150 647695 948913 31.743479117685 1.42056
N-t70n11xx_250 1679243 2444390 31.30216536641 10.6192
N-t74d11xx_150 6271427 9396044 33.254601617447 1.63833
N-t74d11xx_250 16558923 24430250 32.21959251338 10.8641
N-t75d11xx_150 6560179 9642140 31.963454170962 1.38514
N-t75d11xx_250 16955497 25017059 32.224259454319 10.1441
N-t75e11xx_150 27639668 41570193 33.510849949626 1.38912
N-t75e11xx_250 72525695 106873878 32.138988163225 10.2963
N-t75k11xx_150 974188 1541596 36.806530375014 1.39523
N-t75k11xx_250 2939773 4093849 28.190487729274 11.8941
N-t75n11xx_150 1194823 1743094 31.453897494914 1.81343
N-t75n11xx_250 3093544 4524942 31.633510440576 12.2625
N-tiw56n54_150 564745 837945 32.603571833474 1.48199
N-tiw56n54_250 1461064 2098726 30.383289671925 10.4998
N-tiw56n58_150 792227 1155392 31.432189248324 1.31035
N-tiw56n58_250 2113876 2906657 27.274666395106 13.03
N-tiw56n62_150 1088280 1626921 33.10799971234 1.82952
N-tiw56n62_250 2954488 4142745 28.682841932101 11.7663
N-tiw56n66_150 1460016 2107619 30.726758489082 1.21657
N-tiw56n66_250 3795452 5370404 29.326508769173 10.4986
N-tiw56n67_150 1516489 2372926 36.092023097223 1.29583
N-tiw56n67_250 4468123 6324858 29.356153134189 12.9514
N-tiw56n72_150 2673891 4135907 35.349344170456 1.34273
N-tiw56n72_250 7646622 11149706 31.418622159185 10.7848
N-tiw56r54_150 633106 958192 33.927020889342 1.23816
N-tiw56r54_250 1621202 2387349 32.091956391797 12.6286
N-tiw56r58_150 825763 1219295 32.275372243797 1.63519
N-tiw56r58_250 2135938 3060323 30.205471775365 10.6402
N-tiw56r66_150 1368687 1940755 29.476569685509 1.27956
N-tiw56r66_250 3486922 4948414 29.534553899492 10.0771
N-tiw56r67_150 1370301 2056347 33.362365398447 1.31252
N-tiw56r67_250 3700644 5289658 30.040013929067 10.4977
N-tiw56r72_150 1823483 2823758 35.423538419369 1.62225
N-tiw56r72_250 5060381 7451579 32.089816131588 12.2943
