N-be75eec_150 3431543 3482828 1.4725102703895 2.07868
N-be75eec_250 8690796 8893533 2.2796002443573 16.0408
N-be75np_150 7036078 7174325 1.9269687392194 1.96835
N-be75np_250 17435472 17814072 2.1252861221174 16.1754
N-be75oi_150 2215607 2246534 1.3766539923277 2.12522
N-be75oi_250 5774568 5910096 2.293160720232 14.885
N-be75tot_150 11843153 12287707 3.6178759796274 1.87358
N-be75tot_250 30107226 30958609 2.7500686481101 16.3799
N-stabu1_150 2821872 2875732 1.8729144440442 1.78976
N-stabu1_250 7600197 7742444 1.837236407522 16.049
N-stabu2_150 4270300 4327538 1.3226458092338 1.73851
N-stabu2_250 11207784 11500448 2.5448052110666 15.1724
N-stabu3_150 4423593 4510445 1.925574970984 2.01555
N-stabu3_250 11643294 11900315 2.1597831654036 13.8871
N-t59b11xx_150 3164205 3239550 2.3257859887947 1.83668
N-t59b11xx_250 8186110 8411910 2.6842892993387 14.8298
N-t59d11xx_150 1431597 1462697 2.1262093242825 1.81894
N-t59d11xx_250 3760984 3841167 2.0874645648054 15.3754
N-t59f11xx_150 1514974 1543733 1.8629516891846 1.74582
N-t59f11xx_250 3871347 3993006 3.0468023338808 15.2473
N-t59n11xx_150 309102 318960 3.0906696764485 1.81123
N-t59n11xx_250 801685 825608 2.8976221160648 14.2986
N-t65b11xx_150 6290486 6453836 2.531052849809 2.00383
N-t65b11xx_250 16873371 17273996 2.3192375406362 16.5747
N-t65d11xx_150 3484114 3559347 2.1136742217041 2.18191
N-t65d11xx_250 9097364 9351696 2.7196350266305 16.8042
N-t65f11xx_150 3102811 3159326 1.7888309088711 1.59547
N-t65f11xx_250 8218153 8409567 2.2761457278359 16.3448
N-t65l11xx_150 249214 253396 1.6503812214873 1.92137
N-t65l11xx_250 651158 666254 2.2658025317672 14.8984
N-t65n11xx_150 542387 550733 1.5154348840545 1.88275
N-t65n11xx_250 1397666 1429362 2.2174928394626 16.412
N-t69r11xx_150 11541530 11855957 2.6520592137775 1.90008
N-t69r11xx_250 31100866 31815927 2.247493841685 19.5001
N-t70b11xx_150 9404022 9647229 2.5210036996116 1.84688
N-t70b11xx_250 24715231 25403045 2.7076045411091 17.6792
N-t70d11xn_150 5692319 5825147 2.280251468332 2.17852
N-t70d11xn_250 14877255 15207063 2.1687817036071 16.7473
N-t70d11xx_150 5995486 6174178 2.8941828369704 1.79865
N-t70d11xx_250 15592695 16040574 2.7921631732131 17.2001
N-t70f11xx_150 5024475 5150097 2.4392161934037 1.89199
N-t70f11xx_250 13250980 13586135 2.4668899580344 14.4695
N-t70l11xx_150 426332 436862 2.4103721541356 1.8281
N-t70l11xx_250 1082735 1113128 2.7304137529556 13.9251
N-t70n11xx_150 923070 948913 2.7234319690003 1.96757
N-t70n11xx_250 2381802 2444390 2.5604752105842 14.2389
N-t74d11xx_150 9126651 9396044 2.8670895964302 1.85463
N-t74d11xx_250 23972739 24430250 1.8727233654997 16.5174
N-t75d11xx_150 9458783 9642140 1.9016214242896 2.35682
N-t75d11xx_250 24480245 25017059 2.1457917975091 16.5518
N-t75e11xx_150 40095218 41570193 3.5481552852064 1.96596
N-t75e11xx_250 104306389 106873878 2.4023541093924 16.7733
N-t75k11xx_150 1502370 1541596 2.5445058238345 1.66086
N-t75k11xx_250 4014588 4093849 1.9360997437863 18.0193
N-t75n11xx_150 1693107 1743094 2.8677168299587 1.60664
N-t75n11xx_250 4408208 4524942 2.5797899729985 15.5676
N-tiw56n54_150 821508 837945 1.9615845908741 1.96699
N-tiw56n54_250 2057780 2098726 1.9509931263061 16.6982
N-tiw56n58_150 1136866 1155392 1.6034384866781 2.03296
N-tiw56n58_250 2830010 2906657 2.6369468430572 16.1257
N-tiw56n62_150 1595410 1626921 1.9368488082703 1.9976
N-tiw56n62_250 4065723 4142745 1.8592020508141 15.9277
N-tiw56n66_150 2049435 2107619 2.7606507627802 1.57962
N-tiw56n66_250 5229937 5370404 2.6155760348756 14.4009
N-tiw56n67_150 2314490 2372926 2.4626136676829 1.94991
N-tiw56n67_250 6225792 6324858 1.5662960338398 15.8118
N-tiw56n72_150 4026241 4135907 2.6515586544862 1.80449
N-tiw56n72_250 10887711 11149706 2.3497929003689 16.7998
N-tiw56r54_150 946289 958192 1.242235376626 1.82948
N-tiw56r54_250 2339246 2387349 2.0149127756352 17.204
N-tiw56r58_150 1195728 1219295 1.9328382384903 1.91214
N-tiw56r58_250 2991839 3060323 2.2378030031471 16.1428
N-tiw56r66_150 1888311 1940755 2.7022473212745 1.757
N-tiw56r66_250 4855933 4948414 1.8689018340018 17.8231
N-tiw56r67_150 2019474 2056347 1.7931312176398 1.81768
N-tiw56r67_250 5162598 5289658 2.4020456521008 15.5138
N-tiw56r72_150 2756753 2823758 2.3729016438378 1.87529
N-tiw56r72_250 7264782 7451579 2.5068109725469 16.3705
