N-be75eec_150 2142387 3482828 38.487143206613 1.13679
N-be75eec_250 5622466 8893533 36.780287429079 7.79762
N-be75np_150 4592520 7174325 35.986730458963 0.627535
N-be75np_250 11896627 17814072 33.217812300298 9.45362
N-be75oi_150 1173091 2246534 47.782183577012 1.14206
N-be75oi_250 3894349 5910096 34.106840227299 7.16876
N-be75tot_150 8075403 12287707 34.280635109545 1.0209
N-be75tot_250 20572927 30958609 33.546991726922 11.6394
N-stabu1_150 1899641 2875732 33.942349287068 0.971485
N-stabu1_250 5391574 7742444 30.3634097967 7.9193
N-stabu2_150 2851876 4327538 34.099342397456 1.26302
N-stabu2_250 7607225 11500448 33.852794256363 10.3443
N-stabu3_150 2969199 4510445 34.17059735791 1.2835
N-stabu3_250 8049380 11900315 32.359941732635 9.23521
N-t59b11xx_150 2128700 3239550 34.290256362766 0.959408
N-t59b11xx_250 5720070 8411910 32.000342371709 7.34638
N-t59d11xx_150 1018827 1462697 30.34599783824 1.14322
N-t59d11xx_250 2651971 3841167 30.959237127675 9.5429
N-t59f11xx_150 1031321 1543733 33.1930456886 1.03348
N-t59f11xx_250 2779771 3993006 30.384001426494 6.9452
N-t59n11xx_150 209810 318960 34.220591923752 1.08296
N-t59n11xx_250 562043 825608 31.923745893935 8.71675
N-t65b11xx_150 4234056 6453836 34.39473826109 0.956494
N-t65b11xx_250 11176887 17273996 35.296459487428 8.22936
N-t65d11xx_150 2402241 3559347 32.508940544431 0.998168
N-t65d11xx_250 6539324 9351696 30.073389896335 7.96413
N-t65f11xx_150 2157261 3159326 31.717682822222 1.26573
N-t65f11xx_250 5769440 8409567 31.394327436835 7.58235
N-t65l11xx_150 150752 253396 40.507348182292 0.670342
N-t65l11xx_250 419281 666254 37.068895646405 4.21305
N-t65n11xx_150 369841 550733 32.845680211645 1.3452
N-t65n11xx_250 984314 1429362 31.136129266064 7.21902
N-t69r11xx_150 7911102 11855957 33.273189165581 1.39657
N-t69r11xx_250 20892376 31815927 34.333593360332 8.30118
N-t70b11xx_150 6575425 9647229 31.84130904325 1.10345
N-t70b11xx_250 17220587 25403045 32.210540114384 8.5378
N-t70d11xn_150 3940745 5825147 32.349432555093 1.09643
N-t70d11xn_250 10657806 15207063 29.915421538005 7.29308
N-t70d11xx_150 4199875 6174178 31.976774884041 0.820784
N-t70d11xx_250 11381498 16040574 29.045569067541 8.69674
N-t70f11xx_150 3498120 5150097 32.076619139407 0.938608
N-t70f11xx_250 9523490 13586135 29.902875247449 9.04387
N-t70l11xx_150 262731 436862 39.859497965032 0.784297
N-t70l11xx_250 727263 1113128 34.664926225915 6.22587
N-t70n11xx_150 635970 948913 32.979103458378 0.859859
N-t70n11xx_250 1661056 2444390 32.046195574356 7.90248
N-t74d11xx_150 6132116 9396044 34.73725750965 0.835288
N-t74d11xx_250 16498079 24430250 32.468644406013 8.6103
N-t75d11xx_150 6521031 9642140 32.369463625295 1.53076
N-t75d11xx_250 17002218 25017059 32.037502889528 11.9409
N-t75e11xx_150 27334339 41570193 34.245340164767 1.06717
N-t75e11xx_250 71962161 106873878 32.666276973687 9.21553
N-t75k11xx_150 946929 1541596 38.574762778315 1.14432
N-t75k11xx_250 2871967 4093849 29.846777445871 7.46945
N-t75n11xx_150 1174834 1743094 32.600651485233 1.43613
N-t75n11xx_250 3045567 4524942 32.69378922426 7.70548
N-tiw56n54_150 559266 837945 33.257433363765 1.1168
N-tiw56n54_250 1446491 2098726 31.077663306215 8.34473
N-tiw56n58_150 792945 1155392 31.370045837257 1.01295
N-tiw56n58_250 2109189 2906657 27.435916931375 10.0779
N-tiw56n62_150 1062831 1626921 34.672242843998 1.22102
N-tiw56n62_250 2913602 4142745 29.669772095555 8.8122
N-tiw56n66_150 1462668 2107619 30.600929295096 1.07022
N-tiw56n66_250 3777136 5370404 29.667563185191 9.87918
N-tiw56n67_150 1565827 2372926 34.012817930268 0.980136
N-tiw56n67_250 4414826 6324858 30.198812368594 8.77478
N-tiw56n72_150 2639903 4135907 36.171122803293 1.27201
N-tiw56n72_250 7509366 11149706 32.649650134273 9.39706
N-tiw56r54_150 613124 958192 36.012406699284 0.952825
N-tiw56r54_250 1615682 2387349 32.323175203961 10.373
N-tiw56r58_150 789474 1219295 35.251600310015 1.11124
N-tiw56r58_250 2126078 3060323 30.527659988831 9.08829
N-tiw56r66_150 1345458 1940755 30.67347501359 1.31088
N-tiw56r66_250 3467156 4948414 29.933995013352 9.49162
N-tiw56r67_150 1369998 2056347 33.377100265665 1.17807
N-tiw56r67_250 3650482 5289658 30.988317203116 9.21966
N-tiw56r72_150 1804973 2823758 36.079047850418 1.14345
N-tiw56r72_250 5055967 7451579 32.149051898933 10.4526
