../instances/N-be75eec_150 2119074 3482828 39.156513040552 0.00120759
../instances/N-be75eec_250 5578369 8893533 37.27611962535 0.00191195
../instances/N-be75np_150 4516281 7174325 37.049394890809 0.000941129
../instances/N-be75np_250 11621929 17814072 34.759840422785 0.00234778
../instances/N-be75oi_150 1153483 2246534 48.654994760818 0.000807179
../instances/N-be75oi_250 3866624 5910096 34.575952742561 0.0019526
../instances/N-be75tot_150 8053437 12287707 34.459399137691 0.001091
../instances/N-be75tot_250 20136382 30958609 34.957084150648 0.00256943
../instances/N-stabu1_150 1855278 2875732 35.485017379923 0.00118191
../instances/N-stabu1_250 5314023 7742444 31.365044422666 0.00243692
../instances/N-stabu2_150 2807938 4327538 35.114654105868 0.00109844
../instances/N-stabu2_250 7498542 11500448 34.797827006391 0.0028761
../instances/N-stabu3_150 2893174 4510445 35.856129494983 0.00146536
../instances/N-stabu3_250 7953454 11900315 33.166021235572 0.002924
../instances/N-t59b11xx_150 2090955 3239550 35.455387322313 0.00127391
../instances/N-t59b11xx_250 5602380 8411910 33.39943009376 0.00214915
../instances/N-t59d11xx_150 988464 1462697 32.421820787217 0.00138626
../instances/N-t59d11xx_250 2616509 3841167 31.882446142019 0.00188055
../instances/N-t59f11xx_150 1009940 1543733 34.578064989218 0.000925679
../instances/N-t59f11xx_250 2754238 3993006 31.023444492695 0.00196601
../instances/N-t59n11xx_150 205248 318960 35.650865312265 0.000904318
../instances/N-t59n11xx_250 553991 825608 32.89902714121 0.00202664
../instances/N-t65b11xx_150 4264278 6453836 33.926458620888 0.00106114
../instances/N-t65b11xx_250 11037563 17273996 36.103012875538 0.00211921
../instances/N-t65d11xx_150 2350166 3559347 33.971989805995 0.00145048
../instances/N-t65d11xx_250 6475304 9351696 30.757971602156 0.00224219
../instances/N-t65f11xx_150 2118392 3159326 32.947976878613 0.00113992
../instances/N-t65f11xx_250 5678216 8409567 32.479091967517 0.00235182
../instances/N-t65l11xx_150 148500 253396 41.396075707588 0.00078452
../instances/N-t65l11xx_250 417610 666254 37.319700894854 0.00153295
../instances/N-t65n11xx_150 363828 550733 33.937497843783 0.000985789
../instances/N-t65n11xx_250 976082 1429362 31.712050551225 0.00203706
../instances/N-t69r11xx_150 7742987 11855957 34.69116832998 0.000997372
../instances/N-t69r11xx_250 20758871 31815927 34.753210239639 0.00234187
../instances/N-t70b11xx_150 6432668 9647229 33.321081110441 0.00109005
../instances/N-t70b11xx_250 17150362 25403045 32.486983351799 0.00204187
../instances/N-t70d11xn_150 3747995 5825147 35.658361926317 0.00115168
../instances/N-t70d11xn_250 10542623 15207063 30.67285247651 0.00248031
../instances/N-t70d11xx_150 4068659 6174178 34.102013255854 0.00109358
../instances/N-t70d11xx_250 11162218 16040574 30.412602441783 0.00255153
../instances/N-t70f11xx_150 3475338 5150097 32.518979739605 0.00112551
../instances/N-t70f11xx_250 9345855 13586135 31.210347902476 0.00227775
../instances/N-t70l11xx_150 257101 436862 41.148234453901 0.000711748
../instances/N-t70l11xx_250 713201 1113128 35.928213107567 0.00317255
../instances/N-t70n11xx_150 625920 948913 34.038210036115 0.00278066
../instances/N-t70n11xx_250 1647665 2444390 32.594021412295 0.00397701
../instances/N-t74d11xx_150 6051636 9396044 35.593788194266 0.00311757
../instances/N-t74d11xx_250 16263355 24430250 33.42943686618 0.00450533
../instances/N-t75d11xx_150 6403779 9642140 33.585500729091 0.0030328
../instances/N-t75d11xx_250 16683157 25017059 33.312876625506 0.00307859
../instances/N-t75e11xx_150 26908940 41570193 35.268667143306 0.00122452
../instances/N-t75e11xx_250 71908643 106873878 32.716352821033 0.00264102
../instances/N-t75k11xx_150 931393 1541596 39.582549513621 0.00097735
../instances/N-t75k11xx_250 2859183 4093849 30.15905081013 0.0021979
../instances/N-t75n11xx_150 1135429 1743094 34.861286884127 0.00110802
../instances/N-t75n11xx_250 3023037 4524942 33.191696158757 0.00232869
../instances/N-tiw56n54_150 551445 837945 34.190788178222 0.00122749
../instances/N-tiw56n54_250 1438380 2098726 31.46413586147 0.00260724
../instances/N-tiw56n58_150 775084 1155392 32.915928100593 0.00126714
../instances/N-tiw56n58_250 2068197 2906657 28.846196850884 0.00247393
../instances/N-tiw56n62_150 1046628 1626921 35.668173193413 0.00118041
../instances/N-tiw56n62_250 2901971 4142745 29.950527971188 0.00250325
../instances/N-tiw56n66_150 1433407 2107619 31.989273203553 0.00113446
../instances/N-tiw56n66_250 3710559 5370404 30.907265077264 0.00245693
../instances/N-tiw56n67_150 1467170 2372926 38.170427564956 0.00116297
../instances/N-tiw56n67_250 4395726 6324858 30.500795432878 0.00251044
../instances/N-tiw56n72_150 2594849 4135907 37.26046064382 0.00111032
../instances/N-tiw56n72_250 7437304 11149706 33.295963140194 0.00230775
../instances/N-tiw56r54_150 606008 958192 36.755055354251 0.00118139
../instances/N-tiw56r54_250 1591041 2387349 33.355324252968 0.00226736
../instances/N-tiw56r58_150 791841 1219295 35.057471735716 0.00114397
../instances/N-tiw56r58_250 2102759 3060323 31.289638381308 0.00217563
../instances/N-tiw56r66_150 1319913 1940755 31.98971534274 0.00123593
../instances/N-tiw56r66_250 3428431 4948414 30.716568985538 0.00237346
../instances/N-tiw56r67_150 1321781 2056347 35.721889350387 0.00119728
../instances/N-tiw56r67_250 3621951 5289658 31.52769044804 0.00241238
../instances/N-tiw56r72_150 1751194 2823758 37.983566580422 0.00115731
../instances/N-tiw56r72_250 4993754 7451579 32.983948771126 0.0170064
