../instances/N-be75eec_150 2115419 3482828 39.26145649455 0.00102575
../instances/N-be75eec_250 5576177 8893533 37.300766748153 0.00151772
../instances/N-be75np_150 4502799 7174325 37.237315008729 0.000783358
../instances/N-be75np_250 11648336 17814072 34.611603680506 0.00159812
../instances/N-be75oi_150 1148312 2246534 48.885171557608 0.000685817
../instances/N-be75oi_250 3842423 5910096 34.985438476803 0.00141138
../instances/N-be75tot_150 7940032 12287707 35.382313396633 0.000815925
../instances/N-be75tot_250 20086659 30958609 35.117695371908 0.00167151
../instances/N-stabu1_150 1845012 2875732 35.842004748704 0.000870035
../instances/N-stabu1_250 5311554 7742444 31.396933578079 0.00174775
../instances/N-stabu2_150 2812689 4327538 35.004868819176 0.000879659
../instances/N-stabu2_250 7478432 11500448 34.972689759564 0.00193728
../instances/N-stabu3_150 2894356 4510445 35.829923654983 0.00106937
../instances/N-stabu3_250 7952719 11900315 33.17219754267 0.00208453
../instances/N-t59b11xx_150 2089390 3239550 35.503696501057 0.00115282
../instances/N-t59b11xx_250 5610385 8411910 33.304267401815 0.00179909
../instances/N-t59d11xx_150 979478 1462697 33.036165384902 0.00115467
../instances/N-t59d11xx_250 2612749 3841167 31.980333060239 0.00141816
../instances/N-t59f11xx_150 1010057 1543733 34.570485958388 0.000702857
../instances/N-t59f11xx_250 2756057 3993006 30.977889840386 0.00146879
../instances/N-t59n11xx_150 204875 318960 35.767807875596 0.000758463
../instances/N-t59n11xx_250 553332 825608 32.978847104195 0.00144729
../instances/N-t65b11xx_150 4228010 6453836 34.488418980588 0.000917954
../instances/N-t65b11xx_250 11008412 17273996 36.271769427294 0.00163185
../instances/N-t65d11xx_150 2349772 3559347 33.983059252161 0.000786089
../instances/N-t65d11xx_250 6462687 9351696 30.892888306036 0.00167521
../instances/N-t65f11xx_150 2103734 3159326 33.411936596603 0.000877533
../instances/N-t65f11xx_250 5679429 8409567 32.464667919288 0.0016741
../instances/N-t65l11xx_150 148475 253396 41.405941688109 0.000639093
../instances/N-t65l11xx_250 416761 666254 37.44712977333 0.00126497
../instances/N-t65n11xx_150 363619 550733 33.975447267551 0.000795013
../instances/N-t65n11xx_250 975758 1429362 31.734718007055 0.00154537
../instances/N-t69r11xx_150 7718104 11855957 34.901045946776 0.000782335
../instances/N-t69r11xx_250 20730789 31815927 34.841474208814 0.00162449
../instances/N-t70b11xx_150 6426602 9647229 33.383959269548 0.000825464
../instances/N-t70b11xx_250 17086441 25403045 32.738610666556 0.00155889
../instances/N-t70d11xn_150 3810337 5825147 34.588140007454 0.000839144
../instances/N-t70d11xn_250 10516052 15207063 30.847580495984 0.00167329
../instances/N-t70d11xx_150 4085372 6174178 33.831321351603 0.000828811
../instances/N-t70d11xx_250 11121850 16040574 30.664264258873 0.00180876
../instances/N-t70f11xx_150 3450646 5150097 32.998427019918 0.000815841
../instances/N-t70f11xx_250 9344892 13586135 31.217436011051 0.00159839
../instances/N-t70l11xx_150 257056 436862 41.158535189602 0.000651957
../instances/N-t70l11xx_250 712698 1113128 35.973401082355 0.00130264
../instances/N-t70n11xx_150 623393 948913 34.304514744766 0.000901748
../instances/N-t70n11xx_250 1641959 2444390 32.8274538842 0.00154193
../instances/N-t74d11xx_150 6021061 9396044 35.919191097871 0.000856888
../instances/N-t74d11xx_250 16239949 24430250 33.525244318007 0.00354118
../instances/N-t75d11xx_150 6412505 9642140 33.495002146826 0.00258008
../instances/N-t75d11xx_250 16706761 25017059 33.218525007276 0.00381611
../instances/N-t75e11xx_150 26952894 41570193 35.162932729227 0.00276275
../instances/N-t75e11xx_250 71661216 106873878 32.947865894789 0.00387031
../instances/N-t75k11xx_150 927909 1541596 39.808549062141 0.000760847
../instances/N-t75k11xx_250 2843837 4093849 30.53390586707 0.00154419
../instances/N-t75n11xx_150 1137890 1743094 34.720101153466 0.000809887
../instances/N-t75n11xx_250 3008982 4524942 33.502307874885 0.00160989
../instances/N-tiw56n54_150 549060 837945 34.475413064103 0.000832124
../instances/N-tiw56n54_250 1437776 2098726 31.492915225713 0.00189909
../instances/N-tiw56n58_150 776489 1155392 32.794324350523 0.000852738
../instances/N-tiw56n58_250 2069921 2906657 28.786884727025 0.0017786
../instances/N-tiw56n62_150 1047716 1626921 35.601298403549 0.000842772
../instances/N-tiw56n62_250 2893265 4142745 30.160678487331 0.00167117
../instances/N-tiw56n66_150 1432890 2107619 32.013803253814 0.000868536
../instances/N-tiw56n66_250 3700327 5370404 31.097790780731 0.00176271
../instances/N-tiw56n67_150 1448969 2372926 38.937455276734 0.000927117
../instances/N-tiw56n67_250 4387355 6324858 30.633146230319 0.00176213
../instances/N-tiw56n72_150 2597702 4135907 37.191479402221 0.000825617
../instances/N-tiw56n72_250 7437875 11149706 33.290841928926 0.00171227
../instances/N-tiw56r54_150 604696 958192 36.89197989547 0.000791524
../instances/N-tiw56r54_250 1588755 2387349 33.45107900018 0.00163162
../instances/N-tiw56r58_150 797235 1219295 34.615084946629 0.000893799
../instances/N-tiw56r58_250 2095704 3060323 31.520169603012 0.00168976
../instances/N-tiw56r66_150 1316754 1940755 32.152487047567 0.000883698
../instances/N-tiw56r66_250 3424324 4948414 30.799565274854 0.00178218
../instances/N-tiw56r67_150 1318893 2056347 35.862332573248 0.000899095
../instances/N-tiw56r67_250 3611305 5289658 31.728951096649 0.00171699
../instances/N-tiw56r72_150 1743143 2823758 38.268683081199 0.000810107
../instances/N-tiw56r72_250 4971299 7451579 33.285294298027 0.00163243
