N-be75eec_150 2158057 3482828 38.03722147634 0.756152
N-be75eec_250 5687364 8893533 36.050566181067 7.25862
N-be75np_150 4646957 7174325 35.227955243176 0.698674
N-be75np_250 12049074 17814072 32.362045016996 10.152
N-be75oi_150 1183816 2246534 47.304781498967 1.19536
N-be75oi_250 3952632 5910096 33.120680273214 9.87971
N-be75tot_150 8154844 12287707 33.63412718093 1.3879
N-be75tot_250 20476955 30958609 33.856992735042 10.0586
N-stabu1_150 1921933 2875732 33.167172740714 1.03793
N-stabu1_250 5498451 7742444 28.983005882897 10.2433
N-stabu2_150 2964775 4327538 31.490491822371 1.33636
N-stabu2_250 7691524 11500448 33.119788029127 9.84144
N-stabu3_150 3020928 4510445 33.023726040335 1.27651
N-stabu3_250 8141716 11900315 31.584029498379 10.7687
N-t59b11xx_150 2186625 3239550 32.502199379543 1.3371
N-t59b11xx_250 5831560 8411910 30.674959670277 8.44751
N-t59d11xx_150 1028605 1462697 29.677506687988 1.33492
N-t59d11xx_250 2678667 3841167 30.26424000831 9.18622
N-t59f11xx_150 1046522 1543733 32.208354683096 1.1416
N-t59f11xx_250 2814638 3993006 29.510799633159 9.74435
N-t59n11xx_150 217502 318960 31.809004263858 1.45366
N-t59n11xx_250 568520 825608 31.139233146966 9.15726
N-t65b11xx_150 4365159 6453836 32.363341739703 1.14754
N-t65b11xx_250 11274624 17273996 34.730655257764 9.58795
N-t65d11xx_150 2420853 3559347 31.986035640807 0.878258
N-t65d11xx_250 6669100 9351696 28.68566300701 10.8499
N-t65f11xx_150 2229880 3159326 29.419122939513 1.54436
N-t65f11xx_250 5799580 8409567 31.03592610654 9.39262
N-t65l11xx_150 153588 253396 39.388151352034 0.664343
N-t65l11xx_250 427332 666254 35.860497648044 6.07033
N-t65n11xx_150 373052 550733 32.262639064665 1.00953
N-t65n11xx_250 989783 1429362 30.753511007009 7.57791
N-t69r11xx_150 8153650 11855957 31.22739901975 1.46151
N-t69r11xx_250 21128496 31815927 33.591449339194 9.09065
N-t70b11xx_150 6699025 9647229 30.560112131681 1.4146
N-t70b11xx_250 17410036 25403045 31.464767314312 9.28908
N-t70d11xn_150 3932907 5825147 32.483987099381 1.01072
N-t70d11xn_250 10817931 15207063 28.862456872836 9.55224
N-t70d11xx_150 4403327 6174178 28.681567003737 1.55507
N-t70d11xx_250 11492412 16040574 28.35411002125 12.2152
N-t70f11xx_150 3529033 5150097 31.476378017734 0.831872
N-t70f11xx_250 9663889 13586135 28.869476124004 10.6176
N-t70l11xx_150 270937 436862 37.981101583566 1.16689
N-t70l11xx_250 736890 1113128 33.800066119979 8.59899
N-t70n11xx_150 641509 948913 32.395382927624 0.799372
N-t70n11xx_250 1700052 2444390 30.450869132994 9.84751
N-t74d11xx_150 6263022 9396044 33.34405415726 1.437
N-t74d11xx_250 16662724 24430250 31.794705334575 8.85118
N-t75d11xx_150 6682820 9642140 30.691526984674 1.15774
N-t75d11xx_250 16959733 25017059 32.207327008343 9.41562
N-t75e11xx_150 27695719 41570193 33.376015357927 1.11361
N-t75e11xx_250 73004979 106873878 31.690530589711 9.15181
N-t75k11xx_150 993388 1541596 35.561067880301 1.56755
N-t75k11xx_250 2934001 4093849 28.331479739482 9.30939
N-t75n11xx_150 1211567 1743094 30.493306729299 1.399
N-t75n11xx_250 3076883 4524942 32.001714055119 9.36529
N-tiw56n54_150 567648 837945 32.257129047849 1.21181
N-tiw56n54_250 1465576 2098726 30.168302103276 9.08113
N-tiw56n58_150 806483 1155392 30.198322301003 1.1827
N-tiw56n58_250 2120302 2906657 27.053587678216 7.74303
N-tiw56n62_150 1109761 1626921 31.787652873127 1.60484
N-tiw56n62_250 2966075 4142745 28.403148154183 8.85011
N-tiw56n66_150 1484720 2107619 29.554630130019 1.23828
N-tiw56n66_250 3822438 5370404 28.824013984795 9.47348
N-tiw56n67_150 1535140 2372926 35.306031456522 1.31202
N-tiw56n67_250 4517094 6324858 28.58189069225 9.96997
N-tiw56n72_150 2676219 4135907 35.293056637879 1.08438
N-tiw56n72_250 7647356 11149706 31.412039025962 8.61547
N-tiw56r54_150 627934 958192 34.466787449697 0.731876
N-tiw56r54_250 1632747 2387349 31.608365597154 9.17685
N-tiw56r58_150 816635 1219295 33.02400157468 0.915431
N-tiw56r58_250 2137446 3060323 30.156195930952 7.60872
N-tiw56r66_150 1392515 1940755 28.248800080381 1.44421
N-tiw56r66_250 3544821 4948414 28.364502242537 8.82608
N-tiw56r67_150 1391646 2056347 32.324359653308 1.24213
N-tiw56r67_250 3736498 5289658 29.36220073207 11.3414
N-tiw56r72_150 1866888 2823758 33.886402446669 1.20097
N-tiw56r72_250 5053761 7451579 32.178656362631 9.98209
