N-be75eec_150 2140578 3482828 38.539083756074 1.23944
N-be75eec_250 5607284 8893533 36.950995740388 10.1754
N-be75np_150 4563653 7174325 36.389095838284 1.31908
N-be75np_250 11860725 17814072 33.41934960182 14.6052
N-be75oi_150 1172256 2246534 47.819351943928 1.8017
N-be75oi_250 3905539 5910096 33.917503201302 11.161
N-be75tot_150 8040766 12287707 34.562518458489 1.1716
N-be75tot_250 20301063 30958609 34.425144876503 11.1296
N-stabu1_150 1875323 2875732 34.787977461043 0.974129
N-stabu1_250 5391644 7742444 30.362505689418 11.2731
N-stabu2_150 2859298 4327538 33.927836104501 1.3123
N-stabu2_250 7591499 11500448 33.989536755438 13.6424
N-stabu3_150 2969771 4510445 34.157915682377 1.46165
N-stabu3_250 8015666 11900315 32.643245157796 12.8645
N-t59b11xx_150 2120070 3239550 34.556651386767 1.14734
N-t59b11xx_250 5673520 8411910 32.553724421683 9.46841
N-t59d11xx_150 1009618 1462697 30.975588245549 1.61726
N-t59d11xx_250 2646993 3841167 31.088833159298 12.1884
N-t59f11xx_150 1023868 1543733 33.675836430264 1.27185
N-t59f11xx_250 2778169 3993006 30.424121576577 11.4448
N-t59n11xx_150 212260 318960 33.45247052922 1.61806
N-t59n11xx_250 561499 825608 31.989636728326 12.0848
N-t65b11xx_150 4284842 6453836 33.607826415174 1.69406
N-t65b11xx_250 11241318 17273996 34.923465305885 12.8686
N-t65d11xx_150 2407023 3559347 32.374590058233 1.7459
N-t65d11xx_250 6558580 9351696 29.867480722213 12.0899
N-t65f11xx_150 2164484 3159326 31.48905810923 1.70208
N-t65f11xx_250 5722829 8409567 31.948589029614 9.10535
N-t65l11xx_150 150768 253396 40.501033954759 0.8202
N-t65l11xx_250 420216 666254 36.928558777884 6.04776
N-t65n11xx_150 374997 550733 31.909473374575 1.50838
N-t65n11xx_250 984414 1429362 31.129133137722 9.16553
N-t69r11xx_150 7836672 11855957 33.900974843279 1.55007
N-t69r11xx_250 21026669 31815927 33.91149973408 13.4483
N-t70b11xx_150 6642807 9647229 31.142849413028 1.43875
N-t70b11xx_250 17342669 25403045 31.729959931969 11.7554
N-t70d11xn_150 3859718 5825147 33.740418911317 1.61888
N-t70d11xn_250 10648351 15207063 29.977596594425 9.91113
N-t70d11xx_150 4141460 6174178 32.922892731632 1.54382
N-t70d11xx_250 11289440 16040574 29.619476210764 11.5081
N-t70f11xx_150 3524372 5150097 31.566881167481 1.59082
N-t70f11xx_250 9499073 13586135 30.082595234038 12.1435
N-t70l11xx_150 262097 436862 40.004623885804 1.08462
N-t70l11xx_250 719389 1113128 35.372302197052 8.23139
N-t70n11xx_150 636427 948913 32.930943089619 1.43978
N-t70n11xx_250 1668093 2444390 31.758311889674 12.3867
N-t74d11xx_150 6127078 9396044 34.790875819653 1.55935
N-t74d11xx_250 16445233 24430250 32.684958197317 13.19
N-t75d11xx_150 6453782 9642140 33.066912531865 1.88134
N-t75d11xx_250 16926492 25017059 32.340200340895 15.6043
N-t75e11xx_150 27699572 41570193 33.366746697568 1.96175
N-t75e11xx_250 72223603 106873878 32.421650311969 11.9123
N-t75k11xx_150 943563 1541596 38.79310792192 1.40922
N-t75k11xx_250 2879258 4093849 29.668680989455 9.78687
N-t75n11xx_150 1168863 1743094 32.943203292536 1.64748
N-t75n11xx_250 3064162 4524942 32.282844730385 11.9119
N-tiw56n54_150 556664 837945 33.567954937377 1.38049
N-tiw56n54_250 1450694 2098726 30.877398955366 12.6596
N-tiw56n58_150 795350 1155392 31.161891375395 1.93967
N-tiw56n58_250 2103484 2906657 27.6321905199 12.9543
N-tiw56n62_150 1064745 1626921 34.554597303741 1.38183
N-tiw56n62_250 2925019 4142745 29.394181876992 12.0613
N-tiw56n66_150 1451019 2107619 31.153638299901 1.21091
N-tiw56n66_250 3761822 5370404 29.952718640907 10.7102
N-tiw56n67_150 1483314 2372926 37.49008607938 1.43245
N-tiw56n67_250 4439108 6324858 29.814898611162 12.6461
N-tiw56n72_150 2661512 4135907 35.648649739948 1.88558
N-tiw56n72_250 7608149 11149706 31.763680584941 11.988
N-tiw56r54_150 628604 958192 34.396864094044 1.64885
N-tiw56r54_250 1616043 2387349 32.308053828745 13.4533
N-tiw56r58_150 798188 1219295 34.536925026347 1.36679
N-tiw56r58_250 2116737 3060323 30.8328892081 10.3302
N-tiw56r66_150 1346365 1940755 30.626740624139 1.9007
N-tiw56r66_250 3458073 4948414 30.117548774213 11.6698
N-tiw56r67_150 1336442 2056347 35.008926022699 1.39545
N-tiw56r67_250 3670499 5289658 30.6098995436 12.5711
N-tiw56r72_150 1810930 2823758 35.868087846055 1.65191
N-tiw56r72_250 5039446 7451579 32.370763297282 11.7644
