N-be75eec_150 2867309 3482828 17.672965762306 1.13022
N-be75eec_250 7481828 8893533 15.873388000022 10.8933
N-be75np_150 6030056 7174325 15.949500475655 1.32248
N-be75np_250 14884794 17814072 16.443618281098 9.78846
N-be75oi_150 1907387 2246534 15.096455250622 1.4242
N-be75oi_250 4985664 5910096 15.641573334849 14.2487
N-be75tot_150 10272352 12287707 16.401392057932 1.4642
N-be75tot_250 25710173 30958609 16.953074345168 10.4718
N-stabu1_150 2462643 2875732 14.364655677233 1.31213
N-stabu1_250 6515579 7742444 15.84596543417 8.84015
N-stabu2_150 3712336 4327538 14.215981465674 1.62089
N-stabu2_250 9793229 11500448 14.844804306754 12.5363
N-stabu3_150 3900088 4510445 13.53207942897 1.5463
N-stabu3_250 10095801 11900315 15.163581804347 11.9851
N-t59b11xx_150 2626290 3239550 18.930407000972 1.32838
N-t59b11xx_250 6883940 8411910 18.164364573563 8.33972
N-t59d11xx_150 1201195 1462697 17.87807044111 1.42705
N-t59d11xx_250 3263058 3841167 15.050347980184 8.27804
N-t59f11xx_150 1262827 1543733 18.196540463927 1.02955
N-t59f11xx_250 3360059 3993006 15.851391157439 11.6158
N-t59n11xx_150 260246 318960 18.407950840231 1.42021
N-t59n11xx_250 689161 825608 16.526850515014 9.58702
N-t65b11xx_150 5380542 6453836 16.630326522087 1.36947
N-t65b11xx_250 14402092 17273996 16.625591438136 12.9975
N-t65d11xx_150 2929189 3559347 17.704314864496 1.57239
N-t65d11xx_250 7824129 9351696 16.334652024617 11.4405
N-t65f11xx_150 2607516 3159326 17.466067129508 1.82209
N-t65f11xx_250 6983089 8409567 16.962561806095 12.804
N-t65l11xx_150 214623 253396 15.301346509021 0.639183
N-t65l11xx_250 546647 666254 17.952162388518 4.23436
N-t65n11xx_150 460528 550733 16.379080243966 1.13786
N-t65n11xx_250 1185895 1429362 17.033263791818 13.2135
N-t69r11xx_150 9579260 11855957 19.202979565462 1.69447
N-t69r11xx_250 25990134 31815927 18.310932760186 11.2657
N-t70b11xx_150 8006228 9647229 17.01007615762 1.59837
N-t70b11xx_250 20887187 25403045 17.776837383078 12.278
N-t70d11xn_150 4853590 5825147 16.678669225 1.25101
N-t70d11xn_250 12622549 15207063 16.995484269382 11.85
N-t70d11xx_150 5205363 6174178 15.691400539473 2.02074
N-t70d11xx_250 13318862 16040574 16.967672104502 10.8237
N-t70f11xx_150 4330215 5150097 15.91973898744 1.36529
N-t70f11xx_250 11492343 13586135 15.411240945273 14.2988
N-t70l11xx_150 341587 436862 21.808946532315 1.00256
N-t70l11xx_250 905098 1113128 18.688776133562 5.41212
N-t70n11xx_150 767833 948913 19.082887472297 1.41981
N-t70n11xx_250 2008673 2444390 17.825183379084 10.2471
N-t74d11xx_150 7915186 9396044 15.76044130913 2.2372
N-t74d11xx_250 20314522 24430250 16.846851751415 11.3316
N-t75d11xx_150 8168137 9642140 15.287093943876 1.44142
N-t75d11xx_250 20820846 25017059 16.773406498342 13.5354
N-t75e11xx_150 33496659 41570193 19.42144940246 1.40503
N-t75e11xx_250 88051126 106873878 17.612116592232 11.5437
N-t75k11xx_150 1247653 1541596 19.067446983516 1.11675
N-t75k11xx_250 3398256 4093849 16.991173831766 13.1914
N-t75n11xx_150 1449111 1743094 16.865584988532 1.42469
N-t75n11xx_250 3742357 4524942 17.294917813311 13.8067
N-tiw56n54_150 694489 837945 17.119978041518 1.57454
N-tiw56n54_250 1773770 2098726 15.483488554485 14.8384
N-tiw56n58_150 957722 1155392 17.108479200133 1.34371
N-tiw56n58_250 2450476 2906657 15.694352653237 11.4503
N-tiw56n62_150 1353455 1626921 16.808806328027 1.197
N-tiw56n62_250 3513549 4142745 15.187900775935 10.5039
N-tiw56n66_150 1756506 2107619 16.659225410285 1.37926
N-tiw56n66_250 4583027 5370404 14.661410947854 14.619
N-tiw56n67_150 1882399 2372926 20.67182036018 1.5463
N-tiw56n67_250 5401233 6324858 14.603094646552 10.4289
N-tiw56n72_150 3250101 4135907 21.417454502725 1.28726
N-tiw56n72_250 9570148 11149706 14.166813008343 12.6919
N-tiw56r54_150 795077 958192 17.023206205019 1.6621
N-tiw56r54_250 2004311 2387349 16.044491190856 13.448
N-tiw56r58_150 1008608 1219295 17.279411463182 1.52542
N-tiw56r58_250 2578841 3060323 15.733045172029 10.1504
N-tiw56r66_150 1617469 1940755 16.657744022301 1.58223
N-tiw56r66_250 4208237 4948414 14.957863266897 10.617
N-tiw56r67_150 1707596 2056347 16.959734908554 1.91413
N-tiw56r67_250 4455845 5289658 15.763079579058 14.093
N-tiw56r72_150 2268416 2823758 19.666770311054 1.66917
N-tiw56r72_250 6356461 7451579 14.696455610281 12.1038
