N-be75eec_150 2863122 3482828 17.793184159539 1.18807
N-be75eec_250 7480306 8893533 15.890501558829 11.213
N-be75np_150 6001207 7174325 16.351614960292 1.12454
N-be75np_250 14881252 17814072 16.463501438638 12.1173
N-be75oi_150 1904105 2246534 15.242546963456 1.09765
N-be75oi_250 4977296 5910096 15.783161559474 9.60065
N-be75tot_150 10189252 12287707 17.077677714809 1.11241
N-be75tot_250 25743483 30958609 16.84547907175 12.1593
N-stabu1_150 2457482 2875732 14.544123026763 1.26251
N-stabu1_250 6511773 7742444 15.895123038668 8.27639
N-stabu2_150 3695400 4327538 14.607335625938 1.35337
N-stabu2_250 9748763 11500448 15.231450113943 8.58837
N-stabu3_150 3892541 4510445 13.699402165418 1.83749
N-stabu3_250 10067000 11900315 15.405600608051 8.83369
N-t59b11xx_150 2623975 3239550 19.001867543332 1.28776
N-t59b11xx_250 6878630 8411910 18.227489357352 6.77281
N-t59d11xx_150 1196519 1462697 18.197753875205 1.21679
N-t59d11xx_250 3262763 3841167 15.058027937864 7.64571
N-t59f11xx_150 1260841 1543733 18.32518965391 1.2163
N-t59f11xx_250 3345921 3993006 16.205460247242 9.07634
N-t59n11xx_150 259217 318960 18.730561825934 1.29511
N-t59n11xx_250 685612 825608 16.956715535702 9.54559
N-t65b11xx_150 5374597 6453836 16.722442280839 1.17726
N-t65b11xx_250 14393177 17273996 16.677200805187 13.1285
N-t65d11xx_150 2918178 3559347 18.013669361262 1.1035
N-t65d11xx_250 7823401 9351696 16.342436708807 11.772
N-t65f11xx_150 2587614 3159326 18.096011617668 1.50123
N-t65f11xx_250 6975203 8409567 17.056335956417 10.9337
N-t65l11xx_150 214068 253396 15.520371276579 0.739637
N-t65l11xx_250 546133 666254 18.029310142979 4.8777
N-t65n11xx_150 459397 550733 16.584442915169 1.18578
N-t65n11xx_250 1184326 1429362 17.143033045513 8.82225
N-t69r11xx_150 9530558 11855957 19.613760407532 1.09112
N-t69r11xx_250 25996564 31815927 18.290722756562 11.7037
N-t70b11xx_150 7934595 9647229 17.752600254436 1.56336
N-t70b11xx_250 20820970 25403045 18.037502984386 9.26115
N-t70d11xn_150 4814327 5825147 17.352695133702 1.05423
N-t70d11xn_250 12601763 15207063 17.132170755129 10.0284
N-t70d11xx_150 5187910 6174178 15.974077844856 2.13908
N-t70d11xx_250 13308425 16040574 17.032738354625 9.09287
N-t70f11xx_150 4293129 5150097 16.639841929191 1.23647
N-t70f11xx_250 11461760 13586135 15.63634543599 11.5196
N-t70l11xx_150 341921 436862 21.732492182886 0.955783
N-t70l11xx_250 904338 1113128 18.757052198849 5.425
N-t70n11xx_150 766904 948913 19.180788965901 1.39491
N-t70n11xx_250 2004195 2444390 18.008378368427 9.67525
N-t74d11xx_150 7922294 9396044 15.684792450951 1.99642
N-t74d11xx_250 20267995 24430250 17.037300068563 9.30807
N-t75d11xx_150 8160334 9642140 15.368019962373 1.52722
N-t75d11xx_250 20861195 25017059 16.612120553419 13.261
N-t75e11xx_150 33570172 41570193 19.244608751275 1.52899
N-t75e11xx_250 87766406 106873878 17.878524067406 10.5676
N-t75k11xx_150 1244586 1541596 19.266396643479 1.48273
N-t75k11xx_250 3391024 4093849 17.16782910166 10.3495
N-t75n11xx_150 1450208 1743094 16.802650918424 1.202
N-t75n11xx_250 3728044 4524942 17.611231259981 12.3979
N-tiw56n54_150 691159 837945 17.517378825579 1.24888
N-tiw56n54_250 1763797 2098726 15.958681600171 9.49341
N-tiw56n58_150 958620 1155392 17.030756660943 1.18372
N-tiw56n58_250 2449675 2906657 15.721910084334 9.86187
N-tiw56n62_150 1349108 1626921 17.075998158485 1.29254
N-tiw56n62_250 3509768 4142745 15.279168763706 13.235
N-tiw56n66_150 1748560 2107619 17.036238523187 1.27936
N-tiw56n66_250 4567755 5370404 14.945784339502 11.4749
N-tiw56n67_150 1890789 2372926 20.318248440954 1.55018
N-tiw56n67_250 5390077 6324858 14.779478053104 12.0353
N-tiw56n72_150 3250533 4135907 21.407009393586 1.60003
N-tiw56n72_250 9535729 11149706 14.475511730982 11.1938
N-tiw56r54_150 793344 958192 17.204067660761 1.00202
N-tiw56r54_250 2002676 2387349 16.11297719772 8.90152
N-tiw56r58_150 1005369 1219295 17.545056774612 1.40752
N-tiw56r58_250 2574351 3060323 15.879761711427 8.91084
N-tiw56r66_150 1616361 1940755 16.714835205886 1.90034
N-tiw56r66_250 4207936 4948414 14.963946023918 10.5758
N-tiw56r67_150 1699846 2056347 17.336616825857 1.32355
N-tiw56r67_250 4437526 5289658 16.109396864599 10.5139
N-tiw56r72_150 2257536 2823758 20.052072450968 1.11097
N-tiw56r72_250 6340491 7451579 14.910772602693 11.5924
